1 1351 1
2 198 1
4 1351 1
5 1310 1
6 627 1
6 1145 1
7 1310 1
11 425 1
11 1180 1
12 270 1
12 298 1
12 647 1
12 1103 1
12 1242 1
13 1310 1
15 353 1
15 747 1
15 1120 1
15 1839 1
19 1705 1
20 1549 1
21 1310 1
25 1452 1
26 1702 1
26 1788 1
27 1038 1
29 1310 1
29 1800 1
30 366 1
32 1538 1
33 1310 1
34 757 1
36 608 1
38 496 1
38 1376 1
39 379 1
41 608 1
41 791 1
41 1553 1
46 379 1
47 135 1
47 1834 1
48 216 1
48 1166 1
50 664 1
50 1444 1
51 1310 1
53 608 1
54 19 1
54 40 1
54 1221 1
54 1618 1
56 1565 1
57 172 1
57 198 1
57 201 1
57 298 1
57 330 1
57 372 1
57 563 1
57 608 1
57 630 1
57 672 1
57 727 1
57 769 1
57 944 1
57 957 1
57 973 1
57 986 1
57 1009 1
57 1065 1
57 1115 1
57 1160 1
57 1210 1
57 1221 1
57 1278 1
57 1283 1
57 1310 1
57 1383 1
57 1446 1
57 1527 1
57 1544 1
57 1577 1
57 1668 1
57 1715 1
57 1796 1
57 1827 1
60 527 1
61 1310 1
62 20 1
63 608 1
65 527 1
66 1310 1
67 527 1
68 26 1
68 144 1
68 516 1
68 520 1
68 527 1
68 822 1
68 1406 1
68 1417 1
68 1420 1
68 1508 1
68 1737 1
70 327 1
70 1199 1
70 1332 1
70 1361 1
71 608 1
72 150 1
72 311 1
72 1723 1
74 67 1
74 87 1
74 430 1
74 502 1
74 1298 1
74 1790 1
75 502 1
76 208 1
78 20 1
78 1310 1
79 1310 1
80 608 1
80 683 1
80 1291 1
80 1341 1
80 1703 1
81 126 1
81 1310 1
84 1040 1
85 1259 1
86 1649 1
88 1057 1
89 1351 1
93 1310 1
99 1351 1
103 1310 1
104 20 1
104 1310 1
107 22 1
111 620 1
111 835 1
112 608 1
112 1821 1
114 1040 1
115 22 1
116 608 1
116 1384 1
117 1384 1
118 608 1
118 1384 1
119 159 1
120 1414 1
122 189 1
123 1607 1
129 1577 1
130 198 1
134 608 1
137 379 1
139 1384 1
140 741 1
141 22 1
143 208 1
144 1384 1
147 608 1
149 197 1
149 1040 1
149 1284 1
151 163 1
152 1577 1
155 1736 1
157 1389 1
158 1736 1
159 608 1
160 1310 1
164 608 1
165 608 1
166 208 1
167 608 1
168 502 1
169 679 1
171 1310 1
171 1800 1
174 1310 1
174 1800 1
175 816 1
178 608 1
178 1310 1
178 1383 1
178 1703 1
178 1821 1
179 175 1
181 1467 1
182 527 1
183 189 1
186 175 1
186 184 1
186 447 1
186 608 1
186 1065 1
186 1553 1
186 1653 1
186 1703 1
186 1786 1
186 1821 1
187 159 1
187 229 1
187 1199 1
189 608 1
190 527 1
192 6 1
192 391 1
192 527 1
192 608 1
192 840 1
192 845 1
192 1308 1
192 1651 1
193 1040 1
194 1040 1
195 527 1
199 608 1
202 1310 1
203 1003 1
203 1265 1
204 1374 1
205 608 1
207 20 1
207 1310 1
209 196 1
209 1734 1
210 499 1
211 1057 1
214 175 1
216 527 1
219 903 1
220 1310 1
222 186 1
222 398 1
222 545 1
222 608 1
224 189 1
224 1406 1
225 527 1
225 1800 1
230 90 1
231 186 1
231 398 1
232 1310 1
233 163 1
233 1040 1
234 1389 1
235 608 1
237 620 1
237 1406 1
237 1655 1
242 379 1
243 608 1
247 1800 1
248 1141 1
250 989 1
254 22 1
254 36 1
254 45 1
254 126 1
254 166 1
254 263 1
254 294 1
254 370 1
254 428 1
254 450 1
254 606 1
254 608 1
254 793 1
254 832 1
254 837 1
254 1070 1
254 1077 1
254 1123 1
254 1248 1
254 1283 1
254 1351 1
254 1411 1
254 1419 1
254 1538 1
254 1643 1
254 1670 1
254 1813 1
254 1817 1
256 66 1
257 10 1
257 311 1
257 1723 1
257 1754 1
258 1057 1
259 1040 1
261 1705 1
264 185 1
265 1291 1
267 608 1
270 502 1
273 647 1
275 1310 1
276 190 1
276 229 1
276 841 1
276 935 1
276 1441 1
277 1828 1
278 300 1
278 307 1
278 379 1
278 802 1
278 822 1
278 1145 1
278 1250 1
278 1275 1
278 1364 1
278 1608 1
278 1672 1
279 741 1
283 1310 1
286 608 1
289 608 1
290 243 1
290 1407 1
291 1565 1
293 570 1
294 208 1
298 1133 1
299 198 1
299 1310 1
300 1114 1
301 186 1
301 398 1
302 1310 1
303 1310 1
305 208 1
306 1828 1
309 531 1
310 1389 1
312 1368 1
316 497 1
316 1355 1
317 1310 1
318 741 1
319 741 1
321 1407 1
322 1310 1
324 1452 1
326 1406 1
330 1310 1
331 1310 1
332 1310 1
333 1310 1
334 229 1
334 1617 1
334 1720 1
336 531 1
337 571 1
338 1310 1
339 208 1
340 608 1
341 570 1
341 950 1
341 1739 1
341 1814 1
342 1310 1
344 608 1
346 608 1
347 608 1
348 1565 1
349 208 1
351 527 1
352 22 1
352 398 1
352 1549 1
353 126 1
353 1310 1
354 608 1
355 1741 1
356 608 1
356 1821 1
357 1384 1
360 1310 1
360 1800 1
362 527 1
364 196 1
364 751 1
364 1734 1
366 1310 1
367 1310 1
367 1800 1
368 196 1
368 294 1
368 751 1
368 1120 1
368 1734 1
368 1839 1
369 22 1
371 70 1
371 89 1
371 193 1
371 473 1
371 527 1
371 608 1
371 647 1
371 708 1
371 720 1
371 852 1
371 883 1
371 950 1
371 1296 1
371 1789 1
372 22 1
373 69 1
373 128 1
373 1218 1
373 1835 1
375 527 1
376 1381 1
378 608 1
379 1351 1
380 1310 1
380 1800 1
382 1310 1
382 1800 1
383 608 1
384 1565 1
387 1310 1
389 741 1
390 1333 1
391 608 1
391 1384 1
392 527 1
393 22 1
396 1310 1
397 140 1
397 1349 1
397 1549 1
401 527 1
403 1310 1
405 1310 1
406 608 1
407 608 1
408 126 1
409 229 1
409 370 1
409 1003 1
410 1503 1
410 1847 1
414 1389 1
416 189 1
419 1351 1
420 1310 1
423 1120 1
423 1839 1
424 527 1
424 608 1
425 502 1
426 1310 1
427 608 1
430 1238 1
432 527 1
433 175 1
433 446 1
433 608 1
433 1291 1
433 1435 1
433 1821 1
434 72 1
434 85 1
434 126 1
434 179 1
434 188 1
434 378 1
434 414 1
434 534 1
434 627 1
434 692 1
434 715 1
434 727 1
434 796 1
434 839 1
434 944 1
434 960 1
434 969 1
434 1087 1
434 1127 1
434 1159 1
434 1231 1
434 1413 1
434 1508 1
434 1668 1
434 1714 1
434 1735 1
434 1804 1
434 1840 1
434 1853 1
434 1871 1
435 278 1
435 354 1
435 1510 1
435 1810 1
436 22 1
437 582 1
439 608 1
439 1384 1
440 608 1
441 608 1
443 608 1
445 1141 1
446 66 1
452 741 1
454 163 1
454 1040 1
455 1238 1
455 1828 1
457 1291 1
458 1638 1
461 208 1
462 1349 1
463 198 1
464 198 1
465 189 1
466 198 1
468 1141 1
470 175 1
474 1720 1
475 1446 1
477 59 1
477 92 1
477 175 1
477 334 1
477 441 1
477 527 1
477 608 1
477 620 1
477 791 1
477 852 1
477 967 1
477 1145 1
477 1275 1
477 1329 1
477 1351 1
477 1352 1
477 1383 1
477 1384 1
477 1634 1
477 1821 1
477 1857 1
478 527 1
482 446 1
482 608 1
482 1653 1
483 232 1
484 22 1
485 198 1
485 1413 1
485 1714 1
486 1467 1
488 379 1
491 608 1
496 189 1
497 1467 1
500 1310 1
501 608 1
502 1349 1
502 1658 1
503 208 1
506 298 1
506 738 1
507 1497 1
508 1351 1
509 608 1
511 527 1
512 1040 1
513 175 1
513 184 1
513 446 1
513 608 1
513 894 1
513 1703 1
513 1786 1
513 1821 1
515 1508 1
516 140 1
518 608 1
519 163 1
521 1351 1
522 1310 1
528 1310 1
530 1669 1
531 196 1
531 747 1
531 751 1
531 1120 1
531 1148 1
531 1734 1
531 1839 1
534 608 1
538 5 1
538 11 1
538 15 1
538 19 1
538 22 1
538 24 1
538 26 1
538 29 1
538 43 1
538 45 1
538 47 1
538 48 1
538 63 1
538 66 1
538 67 1
538 70 1
538 71 1
538 75 1
538 84 1
538 91 1
538 92 1
538 105 1
538 116 1
538 130 1
538 138 1
538 144 1
538 152 1
538 159 1
538 167 1
538 175 1
538 177 1
538 179 1
538 184 1
538 186 1
538 188 1
538 189 1
538 193 1
538 196 1
538 198 1
538 201 1
538 203 1
538 211 1
538 216 1
538 218 1
538 229 1
538 239 1
538 246 1
538 258 1
538 276 1
538 278 1
538 289 1
538 298 1
538 299 1
538 300 1
538 304 1
538 308 1
538 333 1
538 345 1
538 353 1
538 360 1
538 361 1
538 366 1
538 370 1
538 371 1
538 374 1
538 378 1
538 379 1
538 389 1
538 391 1
538 398 1
538 403 1
538 404 1
538 412 1
538 425 1
538 434 1
538 435 1
538 457 1
538 460 1
538 465 1
538 470 1
538 474 1
538 487 1
538 491 1
538 492 1
538 495 1
538 499 1
538 502 1
538 503 1
538 516 1
538 519 1
538 520 1
538 522 1
538 527 1
538 534 1
538 546 1
538 551 1
538 570 1
538 571 1
538 573 1
538 579 1
538 591 1
538 601 1
538 606 1
538 608 1
538 624 1
538 632 1
538 645 1
538 650 1
538 672 1
538 673 1
538 677 1
538 678 1
538 704 1
538 706 1
538 719 1
538 728 1
538 735 1
538 740 1
538 741 1
538 745 1
538 746 1
538 751 1
538 753 1
538 764 1
538 771 1
538 783 1
538 792 1
538 799 1
538 800 1
538 820 1
538 827 1
538 829 1
538 839 1
538 843 1
538 846 1
538 848 1
538 852 1
538 867 1
538 869 1
538 870 1
538 877 1
538 878 1
538 888 1
538 894 1
538 900 1
538 920 1
538 924 1
538 928 1
538 931 1
538 934 1
538 937 1
538 939 1
538 948 1
538 950 1
538 954 1
538 960 1
538 980 1
538 1001 1
538 1010 1
538 1012 1
538 1013 1
538 1039 1
538 1040 1
538 1043 1
538 1065 1
538 1067 1
538 1068 1
538 1077 1
538 1079 1
538 1086 1
538 1088 1
538 1103 1
538 1107 1
538 1109 1
538 1117 1
538 1123 1
538 1133 1
538 1141 1
538 1145 1
538 1152 1
538 1157 1
538 1162 1
538 1163 1
538 1166 1
538 1169 1
538 1171 1
538 1177 1
538 1178 1
538 1182 1
538 1190 1
538 1199 1
538 1211 1
538 1226 1
538 1230 1
538 1231 1
538 1238 1
538 1243 1
538 1248 1
538 1265 1
538 1269 1
538 1273 1
538 1283 1
538 1291 1
538 1296 1
538 1298 1
538 1299 1
538 1306 1
538 1329 1
538 1332 1
538 1333 1
538 1335 1
538 1346 1
538 1348 1
538 1349 1
538 1351 1
538 1361 1
538 1364 1
538 1370 1
538 1371 1
538 1374 1
538 1382 1
538 1383 1
538 1384 1
538 1387 1
538 1390 1
538 1391 1
538 1397 1
538 1402 1
538 1406 1
538 1407 1
538 1409 1
538 1413 1
538 1416 1
538 1423 1
538 1424 1
538 1438 1
538 1451 1
538 1452 1
538 1455 1
538 1463 1
538 1467 1
538 1489 1
538 1491 1
538 1502 1
538 1503 1
538 1508 1
538 1514 1
538 1529 1
538 1530 1
538 1549 1
538 1555 1
538 1556 1
538 1561 1
538 1565 1
538 1586 1
538 1587 1
538 1596 1
538 1599 1
538 1601 1
538 1605 1
538 1608 1
538 1612 1
538 1618 1
538 1625 1
538 1629 1
538 1631 1
538 1634 1
538 1649 1
538 1651 1
538 1652 1
538 1655 1
538 1665 1
538 1669 1
538 1684 1
538 1693 1
538 1708 1
538 1714 1
538 1715 1
538 1734 1
538 1737 1
538 1739 1
538 1767 1
538 1769 1
538 1788 1
538 1789 1
538 1790 1
538 1791 1
538 1792 1
538 1799 1
538 1809 1
538 1814 1
538 1819 1
538 1825 1
538 1834 1
538 1845 1
538 1847 1
538 1849 1
538 1871 1
539 175 1
542 263 1
542 650 1
542 1351 1
542 1451 1
543 189 1
545 924 1
546 608 1
547 11 1
547 608 1
549 189 1
550 179 1
550 196 1
550 751 1
550 924 1
550 969 1
550 1734 1
552 608 1
553 1483 1
556 527 1
557 189 1
561 20 1
561 1310 1
563 608 1
563 920 1
563 1310 1
563 1435 1
563 1703 1
563 1786 1
563 1821 1
564 1310 1
566 22 1
566 608 1
569 1310 1
572 198 1
573 313 1
575 608 1
578 163 1
578 1040 1
578 1284 1
579 1310 1
583 608 1
585 1538 1
586 1406 1
588 1720 1
592 1364 1
594 20 1
594 1310 1
594 1800 1
595 1310 1
596 1310 1
598 6 1
598 366 1
598 492 1
598 853 1
598 1313 1
599 36 1
599 143 1
599 198 1
599 206 1
599 307 1
599 335 1
599 370 1
599 453 1
599 470 1
599 608 1
599 705 1
599 820 1
599 843 1
599 985 1
599 1003 1
599 1065 1
599 1116 1
599 1509 1
599 1601 1
599 1605 1
599 1634 1
599 1742 1
599 1821 1
599 1849 1
601 1310 1
602 189 1
611 1310 1
612 706 1
612 1162 1
613 1800 1
614 1127 1
617 1381 1
618 126 1
618 1310 1
623 1737 1
624 175 1
625 608 1
626 189 1
627 22 1
628 1310 1
629 1731 1
630 608 1
630 952 1
632 22 1
636 216 1
638 1587 1
639 1310 1
641 60 1
641 198 1
641 216 1
641 531 1
641 608 1
641 741 1
641 1649 1
642 1115 1
643 221 1
643 446 1
643 608 1
643 791 1
643 952 1
643 1065 1
643 1312 1
643 1424 1
643 1653 1
643 1724 1
643 1756 1
643 1786 1
643 1821 1
644 298 1
647 333 1
648 608 1
648 1384 1
649 649 1
649 808 1
650 608 1
650 1291 1
651 791 1
652 159 1
652 203 1
652 533 1
652 573 1
652 608 1
652 709 1
652 950 1
652 1077 1
652 1123 1
652 1351 1
652 1374 1
652 1557 1
652 1597 1
652 1708 1
652 1782 1
653 527 1
655 229 1
656 379 1
658 189 1
659 379 1
662 527 1
663 1800 1
666 608 1
666 1731 1
670 608 1
671 208 1
673 1310 1
677 208 1
678 1649 1
679 527 1
680 1364 1
682 1310 1
682 1800 1
683 1133 1
684 1310 1
689 391 1
690 196 1
690 1734 1
692 1310 1
692 1800 1
693 189 1
693 578 1
693 1406 1
694 44 1
694 1555 1
695 159 1
696 208 1
697 527 1
697 1800 1
706 1031 1
707 502 1
708 1736 1
709 1310 1
713 741 1
715 11 1
715 608 1
716 1310 1
718 1040 1
721 379 1
722 6 1
722 10 1
722 12 1
722 22 1
722 31 1
722 36 1
722 52 1
722 64 1
722 65 1
722 66 1
722 69 1
722 76 1
722 77 1
722 93 1
722 100 1
722 117 1
722 123 1
722 124 1
722 135 1
722 138 1
722 150 1
722 167 1
722 170 1
722 175 1
722 185 1
722 186 1
722 191 1
722 193 1
722 196 1
722 203 1
722 210 1
722 232 1
722 249 1
722 252 1
722 267 1
722 276 1
722 281 1
722 284 1
722 298 1
722 304 1
722 311 1
722 327 1
722 332 1
722 333 1
722 343 1
722 355 1
722 372 1
722 376 1
722 378 1
722 379 1
722 385 1
722 388 1
722 389 1
722 397 1
722 403 1
722 407 1
722 409 1
722 412 1
722 414 1
722 421 1
722 422 1
722 425 1
722 430 1
722 450 1
722 468 1
722 476 1
722 483 1
722 484 1
722 487 1
722 489 1
722 492 1
722 498 1
722 507 1
722 516 1
722 527 1
722 547 1
722 548 1
722 560 1
722 568 1
722 570 1
722 573 1
722 608 1
722 614 1
722 625 1
722 631 1
722 638 1
722 647 1
722 649 1
722 652 1
722 666 1
722 677 1
722 708 1
722 728 1
722 747 1
722 751 1
722 753 1
722 755 1
722 766 1
722 778 1
722 807 1
722 820 1
722 821 1
722 831 1
722 837 1
722 851 1
722 852 1
722 853 1
722 855 1
722 867 1
722 869 1
722 872 1
722 873 1
722 883 1
722 886 1
722 894 1
722 899 1
722 901 1
722 906 1
722 920 1
722 930 1
722 943 1
722 950 1
722 951 1
722 961 1
722 968 1
722 980 1
722 982 1
722 991 1
722 999 1
722 1006 1
722 1021 1
722 1027 1
722 1036 1
722 1057 1
722 1066 1
722 1093 1
722 1104 1
722 1107 1
722 1114 1
722 1117 1
722 1120 1
722 1136 1
722 1141 1
722 1145 1
722 1161 1
722 1168 1
722 1171 1
722 1175 1
722 1195 1
722 1203 1
722 1204 1
722 1205 1
722 1209 1
722 1215 1
722 1219 1
722 1220 1
722 1248 1
722 1271 1
722 1283 1
722 1284 1
722 1292 1
722 1305 1
722 1314 1
722 1321 1
722 1325 1
722 1328 1
722 1359 1
722 1362 1
722 1374 1
722 1390 1
722 1391 1
722 1401 1
722 1407 1
722 1411 1
722 1412 1
722 1423 1
722 1433 1
722 1437 1
722 1461 1
722 1463 1
722 1467 1
722 1476 1
722 1477 1
722 1482 1
722 1490 1
722 1501 1
722 1522 1
722 1533 1
722 1539 1
722 1557 1
722 1565 1
722 1581 1
722 1597 1
722 1606 1
722 1607 1
722 1626 1
722 1628 1
722 1631 1
722 1650 1
722 1658 1
722 1667 1
722 1670 1
722 1693 1
722 1704 1
722 1706 1
722 1715 1
722 1734 1
722 1739 1
722 1742 1
722 1751 1
722 1754 1
722 1757 1
722 1760 1
722 1772 1
722 1774 1
722 1776 1
722 1779 1
722 1781 1
722 1794 1
722 1799 1
722 1804 1
722 1809 1
722 1835 1
722 1836 1
722 1839 1
722 1848 1
723 1310 1
723 1800 1
724 527 1
725 496 1
726 608 1
728 163 1
728 1284 1
730 1291 1
731 446 1
731 608 1
731 1273 1
731 1653 1
731 1731 1
732 608 1
732 1384 1
733 216 1
733 563 1
733 735 1
734 258 1
735 531 1
736 1310 1
739 446 1
739 608 1
740 608 1
741 608 1
744 741 1
745 1040 1
747 1800 1
750 1490 1
751 20 1
751 1310 1
752 232 1
753 1057 1
753 1467 1
754 502 1
755 1334 1
756 159 1
757 1351 1
762 1310 1
763 652 1
764 80 1
764 1544 1
766 1310 1
769 1310 1
770 1057 1
772 198 1
773 379 1
774 1057 1
777 1800 1
778 1310 1
779 741 1
781 379 1
782 792 1
782 1027 1
783 608 1
783 1731 1
784 446 1
784 608 1
784 952 1
784 1553 1
785 360 1
785 527 1
792 502 1
798 1406 1
799 527 1
800 335 1
800 1756 1
801 1310 1
804 198 1
805 1040 1
809 1530 1
811 1133 1
814 608 1
815 1310 1
816 745 1
817 608 1
819 279 1
819 1078 1
819 1406 1
823 1133 1
824 796 1
825 1057 1
827 1265 1
828 903 1
828 1530 1
830 1471 1
834 126 1
834 1310 1
836 608 1
838 151 1
838 492 1
838 1327 1
838 1815 1
839 208 1
841 189 1
846 608 1
847 20 1
847 1204 1
849 163 1
851 1310 1
854 391 1
856 175 1
863 1351 1
864 620 1
864 1329 1
865 175 1
866 22 1
867 527 1
868 591 1
870 1310 1
870 1800 1
871 608 1
872 135 1
877 163 1
877 1284 1
878 527 1
879 608 1
880 208 1
882 746 1
884 167 1
884 674 1
885 1310 1
890 175 1
891 1717 1
893 608 1
894 1435 1
895 1057 1
896 527 1
897 1329 1
899 206 1
899 843 1
900 796 1
901 70 1
901 189 1
901 543 1
901 1296 1
903 608 1
905 1204 1
907 1351 1
908 738 1
909 446 1
909 608 1
909 1065 1
912 22 1
912 66 1
912 185 1
912 223 1
912 332 1
912 379 1
912 608 1
912 658 1
912 704 1
912 758 1
912 1215 1
912 1389 1
912 1484 1
912 1578 1
912 1705 1
912 1814 1
914 608 1
914 1384 1
915 379 1
918 198 1
918 608 1
918 1384 1
919 608 1
921 1310 1
925 185 1
926 163 1
926 1284 1
929 184 1
929 608 1
930 1310 1
930 1800 1
931 527 1
932 527 1
934 327 1
936 22 1
938 144 1
938 556 1
938 1061 1
938 1203 1
939 741 1
940 831 1
940 1037 1
942 502 1
942 1296 1
945 1310 1
946 989 1
946 1310 1
949 220 1
949 752 1
952 126 1
958 1010 1
959 175 1
960 198 1
961 567 1
962 533 1
964 379 1
966 1544 1
968 220 1
969 1674 1
972 67 1
972 235 1
972 510 1
972 527 1
972 571 1
972 1179 1
972 1269 1
972 1692 1
972 1846 1
973 208 1
977 835 1
979 608 1
979 1384 1
983 45 1
983 58 1
983 66 1
983 92 1
983 122 1
983 140 1
983 225 1
983 246 1
983 262 1
983 286 1
983 298 1
983 299 1
983 300 1
983 333 1
983 370 1
983 403 1
983 425 1
983 499 1
983 625 1
983 702 1
983 741 1
983 758 1
983 827 1
983 852 1
983 894 1
983 1001 1
983 1028 1
983 1086 1
983 1171 1
983 1233 1
983 1329 1
983 1351 1
983 1362 1
983 1468 1
983 1476 1
983 1508 1
983 1637 1
983 1705 1
983 1825 1
983 1851 1
983 1857 1
985 608 1
987 527 1
989 1497 1
990 370 1
993 620 1
993 1329 1
995 570 1
995 1389 1
995 1739 1
998 1310 1
999 608 1
1000 1828 1
1002 608 1
1003 126 1
1003 516 1
1003 758 1
1003 937 1
1003 1057 1
1003 1133 1
1003 1233 1
1003 1636 1
1004 298 1
1004 568 1
1004 738 1
1004 1148 1
1005 608 1
1008 1133 1
1009 608 1
1009 1732 1
1010 1310 1
1012 1126 1
1013 1133 1
1015 186 1
1020 1310 1
1021 198 1
1023 12 1
1023 189 1
1023 263 1
1023 370 1
1023 652 1
1023 1204 1
1023 1346 1
1023 1351 1
1023 1455 1
1024 608 1
1026 1003 1
1027 379 1
1028 172 1
1028 608 1
1028 728 1
1028 957 1
1029 527 1
1030 1310 1
1031 5 1
1031 22 1
1031 175 1
1031 220 1
1031 232 1
1031 298 1
1031 355 1
1031 370 1
1031 533 1
1031 608 1
1031 647 1
1031 695 1
1031 720 1
1031 779 1
1031 845 1
1031 852 1
1031 877 1
1031 986 1
1031 1199 1
1031 1283 1
1031 1333 1
1031 1349 1
1031 1354 1
1031 1362 1
1031 1406 1
1031 1408 1
1031 1451 1
1031 1461 1
1031 1567 1
1031 1607 1
1031 1651 1
1031 1737 1
1031 1762 1
1031 1781 1
1033 608 1
1033 1065 1
1034 967 1
1036 582 1
1036 1166 1
1036 1238 1
1036 1617 1
1036 1720 1
1036 1828 1
1039 1406 1
1040 527 1
1041 608 1
1042 208 1
1044 202 1
1044 232 1
1044 304 1
1044 371 1
1044 442 1
1044 1102 1
1044 1185 1
1048 5 1
1048 9 1
1048 10 1
1048 11 1
1048 14 1
1048 21 1
1048 24 1
1048 39 1
1048 44 1
1048 45 1
1048 47 1
1048 48 1
1048 69 1
1048 70 1
1048 71 1
1048 85 1
1048 90 1
1048 92 1
1048 100 1
1048 107 1
1048 110 1
1048 126 1
1048 150 1
1048 159 1
1048 166 1
1048 169 1
1048 170 1
1048 172 1
1048 176 1
1048 184 1
1048 186 1
1048 187 1
1048 196 1
1048 201 1
1048 211 1
1048 216 1
1048 217 1
1048 218 1
1048 221 1
1048 222 1
1048 229 1
1048 236 1
1048 240 1
1048 241 1
1048 246 1
1048 250 1
1048 262 1
1048 270 1
1048 276 1
1048 294 1
1048 295 1
1048 298 1
1048 299 1
1048 307 1
1048 330 1
1048 331 1
1048 335 1
1048 336 1
1048 338 1
1048 345 1
1048 354 1
1048 358 1
1048 370 1
1048 371 1
1048 387 1
1048 389 1
1048 398 1
1048 400 1
1048 423 1
1048 425 1
1048 427 1
1048 439 1
1048 442 1
1048 450 1
1048 463 1
1048 466 1
1048 469 1
1048 472 1
1048 474 1
1048 492 1
1048 498 1
1048 521 1
1048 522 1
1048 525 1
1048 541 1
1048 547 1
1048 550 1
1048 568 1
1048 575 1
1048 591 1
1048 592 1
1048 597 1
1048 601 1
1048 608 1
1048 618 1
1048 620 1
1048 621 1
1048 629 1
1048 633 1
1048 636 1
1048 647 1
1048 649 1
1048 664 1
1048 672 1
1048 678 1
1048 706 1
1048 708 1
1048 720 1
1048 726 1
1048 728 1
1048 729 1
1048 738 1
1048 741 1
1048 743 1
1048 747 1
1048 751 1
1048 757 1
1048 764 1
1048 766 1
1048 768 1
1048 769 1
1048 771 1
1048 775 1
1048 778 1
1048 779 1
1048 783 1
1048 784 1
1048 791 1
1048 799 1
1048 802 1
1048 807 1
1048 808 1
1048 811 1
1048 818 1
1048 821 1
1048 827 1
1048 832 1
1048 843 1
1048 852 1
1048 866 1
1048 867 1
1048 873 1
1048 875 1
1048 877 1
1048 884 1
1048 889 1
1048 890 1
1048 900 1
1048 901 1
1048 912 1
1048 915 1
1048 920 1
1048 931 1
1048 935 1
1048 943 1
1048 945 1
1048 957 1
1048 967 1
1048 973 1
1048 980 1
1048 983 1
1048 986 1
1048 1008 1
1048 1021 1
1048 1057 1
1048 1065 1
1048 1068 1
1048 1072 1
1048 1087 1
1048 1094 1
1048 1109 1
1048 1114 1
1048 1115 1
1048 1125 1
1048 1127 1
1048 1143 1
1048 1151 1
1048 1157 1
1048 1162 1
1048 1169 1
1048 1171 1
1048 1178 1
1048 1180 1
1048 1194 1
1048 1198 1
1048 1207 1
1048 1210 1
1048 1218 1
1048 1220 1
1048 1231 1
1048 1238 1
1048 1250 1
1048 1283 1
1048 1296 1
1048 1298 1
1048 1329 1
1048 1335 1
1048 1351 1
1048 1353 1
1048 1355 1
1048 1367 1
1048 1368 1
1048 1370 1
1048 1374 1
1048 1378 1
1048 1384 1
1048 1393 1
1048 1394 1
1048 1400 1
1048 1402 1
1048 1407 1
1048 1416 1
1048 1423 1
1048 1444 1
1048 1456 1
1048 1458 1
1048 1462 1
1048 1463 1
1048 1467 1
1048 1468 1
1048 1470 1
1048 1481 1
1048 1492 1
1048 1495 1
1048 1496 1
1048 1502 1
1048 1536 1
1048 1540 1
1048 1544 1
1048 1553 1
1048 1557 1
1048 1577 1
1048 1584 1
1048 1587 1
1048 1597 1
1048 1607 1
1048 1608 1
1048 1618 1
1048 1621 1
1048 1637 1
1048 1644 1
1048 1650 1
1048 1653 1
1048 1662 1
1048 1667 1
1048 1670 1
1048 1671 1
1048 1672 1
1048 1677 1
1048 1682 1
1048 1692 1
1048 1705 1
1048 1718 1
1048 1723 1
1048 1724 1
1048 1732 1
1048 1734 1
1048 1741 1
1048 1747 1
1048 1754 1
1048 1762 1
1048 1771 1
1048 1774 1
1048 1779 1
1048 1782 1
1048 1790 1
1048 1792 1
1048 1809 1
1048 1817 1
1048 1819 1
1048 1821 1
1048 1823 1
1048 1827 1
1048 1834 1
1048 1835 1
1048 1849 1
1048 1855 1
1048 1869 1
1048 1872 1
1049 167 1
1049 201 1
1049 551 1
1049 608 1
1049 999 1
1049 1411 1
1050 22 1
1054 198 1
1056 11 1
1056 175 1
1056 305 1
1056 446 1
1056 488 1
1056 608 1
1056 661 1
1056 791 1
1056 952 1
1056 1291 1
1056 1312 1
1056 1553 1
1056 1653 1
1056 1724 1
1056 1732 1
1056 1786 1
1057 1171 1
1058 608 1
1060 608 1
1061 1351 1
1065 189 1
1067 1351 1
1070 1828 1
1074 198 1
1080 175 1
1080 608 1
1080 1435 1
1080 1703 1
1081 1471 1
1084 208 1
1087 184 1
1087 608 1
1087 1786 1
1087 1821 1
1090 44 1
1092 777 1
1095 1057 1
1097 796 1
1099 66 1
1102 126 1
1102 1310 1
1104 1741 1
1107 1310 1
1108 379 1
1115 184 1
1115 1653 1
1115 1821 1
1119 189 1
1120 1310 1
1120 1800 1
1121 1310 1
1123 184 1
1123 446 1
1123 608 1
1123 683 1
1123 1291 1
1123 1341 1
1123 1383 1
1123 1435 1
1123 1596 1
1123 1703 1
1123 1821 1
1124 741 1
1128 44 1
1128 89 1
1128 154 1
1128 170 1
1128 174 1
1128 188 1
1128 298 1
1128 527 1
1128 533 1
1128 608 1
1128 783 1
1128 840 1
1128 845 1
1128 950 1
1128 1269 1
1128 1351 1
1128 1355 1
1128 1486 1
1128 1508 1
1128 1659 1
1128 1737 1
1128 1742 1
1131 20 1
1131 1310 1
1132 1310 1
1132 1538 1
1132 1800 1
1133 1406 1
1134 22 1
1135 208 1
1137 1163 1
1139 298 1
1141 198 1
1143 1351 1
1144 608 1
1148 608 1
1149 196 1
1149 751 1
1149 1734 1
1150 1057 1
1152 22 1
1153 608 1
1153 1731 1
1155 608 1
1157 527 1
1157 1310 1
1157 1413 1
1157 1714 1
1159 1065 1
1162 527 1
1164 177 1
1165 1040 1
1167 620 1
1168 1310 1
1170 1310 1
1176 791 1
1177 531 1
1181 1384 1
1183 608 1
1185 1310 1
1188 1389 1
1189 1310 1
1189 1800 1
1193 208 1
1195 608 1
1198 189 1
1199 1310 1
1199 1800 1
1201 379 1
1205 527 1
1206 1310 1
1207 531 1
1209 541 1
1211 1413 1
1211 1714 1
1212 850 1
1214 608 1
1219 198 1
1221 1310 1
1222 159 1
1222 816 1
1223 527 1
1224 20 1
1226 151 1
1226 492 1
1226 811 1
1226 1327 1
1226 1815 1
1227 608 1
1232 1141 1
1233 591 1
1233 993 1
1234 1123 1
1235 1057 1
1237 20 1
1237 1310 1
1237 1800 1
1239 608 1
1239 952 1
1239 1786 1
1240 1508 1
1241 608 1
1244 608 1
1244 1384 1
1246 527 1
1247 1310 1
1248 184 1
1249 20 1
1249 1310 1
1250 1737 1
1251 541 1
1251 1394 1
1253 58 1
1253 481 1
1253 697 1
1253 780 1
1253 1349 1
1253 1810 1
1254 1467 1
1257 608 1
1258 1310 1
1258 1800 1
1259 608 1
1260 527 1
1262 208 1
1263 305 1
1263 608 1
1263 1312 1
1264 1310 1
1265 167 1
1265 674 1
1266 570 1
1266 1739 1
1267 11 1
1267 608 1
1267 1653 1
1267 1786 1
1269 1310 1
1271 6 1
1271 88 1
1271 154 1
1271 202 1
1271 304 1
1271 331 1
1271 349 1
1271 460 1
1271 473 1
1271 560 1
1271 669 1
1271 901 1
1271 1102 1
1271 1323 1
1271 1389 1
1271 1407 1
1271 1441 1
1271 1476 1
1271 1477 1
1271 1637 1
1271 1642 1
1271 1737 1
1275 258 1
1277 608 1
1281 1391 1
1283 1800 1
1284 1351 1
1286 1351 1
1288 6 1
1288 492 1
1288 853 1
1288 1313 1
1290 6 1
1290 492 1
1290 1313 1
1293 608 1
1295 608 1
1298 608 1
1298 1384 1
1300 608 1
1301 608 1
1303 20 1
1303 1310 1
1306 1057 1
1307 608 1
1308 201 1
1308 1204 1
1309 1145 1
1309 1204 1
1311 1731 1
1314 1467 1
1315 198 1
1316 527 1
1321 608 1
1322 1736 1
1323 502 1
1327 189 1
1328 987 1
1329 1141 1
1332 608 1
1333 1310 1
1335 1040 1
1336 608 1
1336 1384 1
1337 22 1
1337 527 1
1337 1310 1
1339 163 1
1339 1040 1
1340 527 1
1341 608 1
1342 1737 1
1343 0 1
1343 5 1
1343 9 1
1343 11 1
1343 45 1
1343 48 1
1343 90 1
1343 100 1
1343 128 1
1343 151 1
1343 172 1
1343 186 1
1343 201 1
1343 221 1
1343 236 1
1343 398 1
1343 399 1
1343 409 1
1343 430 1
1343 474 1
1343 492 1
1343 497 1
1343 518 1
1343 608 1
1343 729 1
1343 741 1
1343 793 1
1343 799 1
1343 811 1
1343 821 1
1343 832 1
1343 852 1
1343 873 1
1343 875 1
1343 920 1
1343 957 1
1343 1065 1
1343 1116 1
1343 1127 1
1343 1220 1
1343 1264 1
1343 1346 1
1343 1355 1
1343 1370 1
1343 1378 1
1343 1384 1
1343 1391 1
1343 1416 1
1343 1427 1
1343 1446 1
1343 1452 1
1343 1478 1
1343 1561 1
1343 1607 1
1343 1614 1
1343 1618 1
1343 1650 1
1343 1662 1
1343 1667 1
1343 1670 1
1343 1815 1
1344 44 1
1346 1013 1
1349 608 1
1350 379 1
1352 126 1
1352 1310 1
1354 198 1
1355 608 1
1357 1406 1
1359 261 1
1361 1467 1
1363 425 1
1364 208 1
1366 198 1
1369 1310 1
1369 1800 1
1370 446 1
1370 608 1
1371 379 1
1371 387 1
1371 570 1
1371 764 1
1371 1204 1
1371 1332 1
1371 1361 1
1371 1438 1
1371 1737 1
1371 1739 1
1372 126 1
1372 1310 1
1375 1565 1
1376 66 1
1376 179 1
1376 184 1
1376 370 1
1376 592 1
1376 664 1
1376 884 1
1376 950 1
1376 969 1
1376 1177 1
1376 1278 1
1376 1391 1
1376 1444 1
1376 1549 1
1378 20 1
1379 1310 1
1380 460 1
1384 442 1
1385 198 1
1387 442 1
1387 1446 1
1388 1115 1
1389 608 1
1394 1310 1
1395 608 1
1396 608 1
1397 91 1
1397 474 1
1397 608 1
1397 989 1
1397 1141 1
1397 1310 1
1398 502 1
1399 1524 1
1402 608 1
1402 1384 1
1404 903 1
1406 216 1
1408 499 1
1409 379 1
1410 531 1
1412 783 1
1412 1203 1
1414 527 1
1415 1310 1
1416 208 1
1417 1310 1
1418 527 1
1419 22 1
1420 608 1
1420 1732 1
1421 332 1
1421 1215 1
1422 1310 1
1423 1800 1
1425 1310 1
1426 608 1
1427 1800 1
1428 527 1
1430 163 1
1433 608 1
1433 652 1
1433 1384 1
1435 1250 1
1436 1524 1
1437 1800 1
1438 608 1
1438 1731 1
1440 608 1
1440 1384 1
1441 391 1
1442 20 1
1443 1714 1
1444 527 1
1448 1310 1
1449 608 1
1451 198 1
1452 189 1
1453 441 1
1453 527 1
1453 967 1
1453 1737 1
1457 527 1
1458 608 1
1459 664 1
1459 1194 1
1459 1461 1
1459 1658 1
1463 66 1
1464 298 1
1465 491 1
1466 608 1
1466 1796 1
1467 44 1
1467 66 1
1467 91 1
1467 362 1
1467 435 1
1467 747 1
1467 751 1
1467 1525 1
1467 1734 1
1467 1839 1
1468 425 1
1469 608 1
1469 1384 1
1470 1549 1
1471 1773 1
1472 1383 1
1475 175 1
1476 924 1
1476 969 1
1476 1177 1
1480 608 1
1480 1530 1
1482 1040 1
1484 1720 1
1486 608 1
1488 1310 1
1490 222 1
1492 1310 1
1493 189 1
1495 1524 1
1497 1141 1
1498 1310 1
1498 1800 1
1501 1737 1
1502 1351 1
1503 527 1
1504 1148 1
1504 1180 1
1505 22 1
1505 527 1
1508 198 1
1509 1250 1
1510 608 1
1514 398 1
1515 1406 1
1519 541 1
1519 1394 1
1520 189 1
1523 177 1
1525 608 1
1526 256 1
1527 1310 1
1528 460 1
1528 950 1
1528 1508 1
1530 20 1
1530 1310 1
1532 20 1
1532 1310 1
1534 608 1
1536 1145 1
1541 22 1
1542 1508 1
1543 1057 1
1546 374 1
1547 1003 1
1547 1006 1
1547 1236 1
1548 208 1
1550 738 1
1551 741 1
1553 22 1
1561 1310 1
1562 446 1
1562 608 1
1562 791 1
1562 1424 1
1562 1553 1
1562 1786 1
1566 878 1
1566 977 1
1570 208 1
1571 1310 1
1572 1310 1
1573 11 1
1573 305 1
1573 608 1
1573 952 1
1573 1273 1
1573 1312 1
1573 1553 1
1573 1653 1
1573 1724 1
1574 608 1
1575 280 1
1578 22 1
1579 298 1
1579 1510 1
1579 1867 1
1580 1374 1
1582 159 1
1583 608 1
1583 894 1
1584 1471 1
1585 1296 1
1589 608 1
1589 952 1
1590 1376 1
1594 22 1
1596 1571 1
1598 608 1
1598 1384 1
1599 608 1
1599 1384 1
1599 1821 1
1601 179 1
1601 969 1
1601 1177 1
1606 835 1
1608 608 1
1608 1384 1
1609 1310 1
1610 1790 1
1611 1364 1
1613 163 1
1616 527 1
1617 1250 1
1618 298 1
1619 777 1
1622 1310 1
1626 70 1
1626 177 1
1626 229 1
1626 533 1
1626 608 1
1626 1057 1
1630 1310 1
1631 1310 1
1634 1857 1
1635 425 1
1639 1524 1
1640 1351 1
1642 1310 1
1645 20 1
1646 1310 1
1648 379 1
1648 570 1
1648 1739 1
1649 446 1
1649 608 1
1649 1291 1
1649 1724 1
1650 66 1
1650 1238 1
1650 1828 1
1651 1057 1
1651 1467 1
1653 527 1
1654 85 1
1654 159 1
1654 229 1
1654 463 1
1654 664 1
1654 746 1
1654 1199 1
1654 1299 1
1654 1376 1
1654 1444 1
1658 1310 1
1659 608 1
1660 196 1
1660 751 1
1660 1734 1
1661 1040 1
1662 1483 1
1663 608 1
1671 1310 1
1672 184 1
1674 1310 1
1676 608 1
1677 608 1
1677 920 1
1678 1406 1
1680 1828 1
1681 1351 1
1684 379 1
1685 608 1
1685 1384 1
1688 208 1
1690 20 1
1691 608 1
1692 1238 1
1693 527 1
1693 1549 1
1694 608 1
1699 11 1
1703 208 1
1704 608 1
1705 1800 1
1711 1467 1
1713 208 1
1714 1420 1
1717 608 1
1722 1145 1
1723 1810 1
1726 108 1
1730 741 1
1732 1351 1
1733 425 1
1734 1003 1
1735 189 1
1736 1800 1
1737 446 1
1737 608 1
1737 683 1
1737 920 1
1741 608 1
1742 1310 1
1742 1800 1
1743 1530 1
1746 425 1
1747 67 1
1748 1406 1
1749 11 1
1750 144 1
1752 44 1
1753 1199 1
1754 22 1
1755 1310 1
1756 1310 1
1760 608 1
1762 1310 1
0 1237 0
0 1302 0
0 1640 0
3 51 0
3 114 0
3 248 0
3 326 0
3 847 0
3 903 0
3 1014 0
3 1159 0
3 1184 0
3 1510 0
3 1619 0
3 1675 0
3 1838 0
6 146 0
6 656 0
6 1049 0
6 1679 0
8 1184 0
9 1628 0
10 407 0
10 545 0
10 951 0
10 1111 0
10 1577 0
14 1288 0
14 1865 0
16 18 0
17 581 0
17 1000 0
18 7 0
18 394 0
18 1372 0
18 1589 0
18 1620 0
18 1660 0
18 1732 0
18 1741 0
18 1867 0
19 1404 0
22 1363 0
23 233 0
23 611 0
23 1083 0
24 514 0
24 1022 0
28 145 0
28 180 0
28 337 0
28 522 0
28 530 0
28 834 0
28 847 0
28 853 0
28 1244 0
28 1326 0
28 1758 0
31 19 0
31 83 0
31 302 0
31 340 0
31 483 0
31 513 0
31 557 0
31 581 0
31 605 0
31 718 0
31 744 0
31 828 0
31 860 0
31 914 0
31 949 0
31 976 0
31 1018 0
31 1126 0
31 1150 0
31 1303 0
31 1318 0
31 1414 0
31 1797 0
35 150 0
37 394 0
37 1288 0
38 1404 0
40 580 0
40 1118 0
40 1406 0
42 459 0
43 636 0
43 1867 0
44 274 0
44 483 0
44 949 0
44 1327 0
44 1544 0
45 750 0
45 966 0
49 1128 0
49 1290 0
49 1872 0
52 19 0
52 273 0
52 281 0
52 598 0
52 913 0
52 1081 0
52 1159 0
52 1600 0
55 194 0
55 1267 0
55 1373 0
57 1729 0
58 160 0
58 195 0
58 244 0
58 339 0
58 415 0
58 464 0
58 539 0
58 740 0
58 810 0
58 1005 0
58 1167 0
58 1394 0
59 281 0
59 381 0
64 267 0
64 485 0
64 718 0
64 1280 0
64 1643 0
64 1715 0
69 1108 0
69 1137 0
69 1745 0
73 1698 0
77 631 0
77 1418 0
82 34 0
82 35 0
82 82 0
82 283 0
82 406 0
82 572 0
82 613 0
82 616 0
82 668 0
82 710 0
82 730 0
82 756 0
82 882 0
82 1208 0
82 1260 0
82 1350 0
82 1388 0
82 1415 0
82 1447 0
82 1560 0
82 1566 0
82 1657 0
82 1678 0
82 1802 0
83 1164 0
87 998 0
87 1312 0
87 1425 0
87 1625 0
90 18 0
90 171 0
90 262 0
90 360 0
90 394 0
90 910 0
90 1414 0
90 1472 0
90 1727 0
91 773 0
91 795 0
92 74 0
92 224 0
92 390 0
92 1214 0
92 1758 0
94 79 0
94 328 0
94 619 0
94 712 0
94 853 0
94 1119 0
94 1280 0
94 1411 0
94 1418 0
94 1520 0
95 108 0
96 1595 0
97 148 0
97 163 0
97 226 0
97 312 0
97 432 0
97 455 0
97 485 0
97 489 0
97 530 0
97 586 0
97 640 0
97 674 0
97 681 0
97 714 0
97 865 0
97 879 0
97 959 0
97 1006 0
97 1096 0
97 1100 0
97 1147 0
97 1228 0
97 1252 0
97 1419 0
97 1503 0
97 1580 0
97 1591 0
97 1680 0
97 1710 0
97 1842 0
98 42 0
98 57 0
98 332 0
98 583 0
98 591 0
98 832 0
98 836 0
98 1206 0
98 1418 0
100 1285 0
101 209 0
102 19 0
102 132 0
102 341 0
102 354 0
102 366 0
102 377 0
102 631 0
102 662 0
102 765 0
102 840 0
102 854 0
102 975 0
102 1042 0
102 1077 0
102 1085 0
102 1281 0
102 1377 0
102 1489 0
102 1616 0
102 1647 0
102 1679 0
102 1709 0
102 1734 0
102 1843 0
102 1858 0
105 300 0
105 1214 0
106 505 0
106 561 0
106 656 0
106 992 0
106 996 0
106 1099 0
106 1206 0
106 1216 0
106 1310 0
106 1538 0
106 1811 0
108 340 0
108 581 0
108 1143 0
109 646 0
110 1495 0
113 139 0
113 293 0
113 379 0
113 763 0
113 830 0
113 925 0
113 990 0
113 1392 0
113 1445 0
113 1520 0
113 1525 0
113 1615 0
119 711 0
119 785 0
119 1099 0
119 1188 0
119 1715 0
121 1480 0
123 25 0
123 669 0
123 1718 0
123 1803 0
124 473 0
125 384 0
125 1744 0
126 1544 0
126 1699 0
127 354 0
128 1238 0
128 1617 0
128 1739 0
131 62 0
131 273 0
131 545 0
131 828 0
131 1213 0
131 1488 0
131 1631 0
131 1782 0
132 170 0
132 251 0
132 861 0
133 909 0
133 998 0
133 1022 0
133 1201 0
133 1558 0
133 1739 0
135 715 0
135 1004 0
135 1331 0
135 1550 0
135 1841 0
136 1852 0
138 68 0
138 159 0
138 700 0
138 1508 0
142 316 0
142 394 0
142 739 0
142 1419 0
142 1589 0
142 1752 0
142 1842 0
145 74 0
145 1225 0
146 339 0
148 1438 0
150 328 0
150 1165 0
153 98 0
153 158 0
153 265 0
153 1399 0
153 1770 0
153 1817 0
154 860 0
154 1349 0
156 4 0
156 91 0
156 375 0
156 617 0
161 1288 0
162 916 0
162 1272 0
162 1365 0
162 1715 0
163 348 0
163 1758 0
170 1152 0
172 596 0
173 131 0
173 142 0
173 165 0
173 268 0
173 292 0
173 324 0
173 440 0
173 445 0
173 603 0
173 634 0
173 664 0
173 742 0
173 789 0
173 794 0
173 836 0
173 887 0
173 893 0
173 944 0
173 1039 0
173 1213 0
173 1240 0
173 1273 0
173 1426 0
173 1429 0
173 1446 0
173 1570 0
173 1668 0
173 1727 0
173 1785 0
173 1813 0
176 1140 0
176 1617 0
177 34 0
177 90 0
177 96 0
177 113 0
177 139 0
177 198 0
177 211 0
177 231 0
177 279 0
177 356 0
177 395 0
177 408 0
177 433 0
177 460 0
177 462 0
177 479 0
177 504 0
177 534 0
177 540 0
177 557 0
177 580 0
177 598 0
177 607 0
177 612 0
177 634 0
177 664 0
177 671 0
177 672 0
177 716 0
177 734 0
177 748 0
177 789 0
177 800 0
177 824 0
177 842 0
177 887 0
177 925 0
177 1002 0
177 1013 0
177 1044 0
177 1052 0
177 1089 0
177 1149 0
177 1159 0
177 1210 0
177 1229 0
177 1238 0
177 1299 0
177 1376 0
177 1379 0
177 1405 0
177 1407 0
177 1445 0
177 1455 0
177 1490 0
177 1570 0
177 1583 0
177 1611 0
177 1615 0
177 1617 0
177 1671 0
177 1748 0
177 1868 0
177 1873 0
180 1741 0
180 1788 0
184 1868 0
185 1668 0
188 216 0
191 639 0
191 846 0
192 1589 0
196 1720 0
197 1140 0
197 1520 0
198 127 0
198 288 0
198 528 0
198 655 0
198 727 0
198 794 0
198 817 0
198 964 0
198 1037 0
198 1053 0
198 1150 0
198 1188 0
198 1231 0
198 1247 0
198 1542 0
198 1715 0
200 1124 0
201 1359 0
206 106 0
206 141 0
206 153 0
206 157 0
206 158 0
206 450 0
206 656 0
206 832 0
206 873 0
206 1034 0
206 1200 0
206 1289 0
206 1444 0
206 1472 0
206 1644 0
206 1711 0
206 1801 0
208 1276 0
210 467 0
212 455 0
213 920 0
215 213 0
215 606 0
217 517 0
218 535 0
221 275 0
221 354 0
221 442 0
221 703 0
221 727 0
221 781 0
221 789 0
221 828 0
221 912 0
221 964 0
221 1316 0
221 1661 0
221 1836 0
223 1251 0
225 482 0
225 971 0
226 259 0
226 736 0
226 1017 0
227 657 0
227 782 0
228 367 0
228 997 0
228 1327 0
228 1514 0
228 1544 0
229 690 0
231 141 0
231 178 0
231 346 0
231 451 0
231 535 0
231 1022 0
231 1126 0
236 234 0
236 348 0
236 742 0
236 1520 0
236 1614 0
236 1681 0
237 153 0
237 716 0
237 949 0
238 81 0
238 173 0
238 324 0
238 799 0
238 831 0
238 913 0
238 964 0
238 1145 0
238 1233 0
238 1759 0
239 56 0
239 354 0
239 560 0
239 657 0
239 703 0
239 912 0
239 1210 0
239 1231 0
239 1311 0
239 1316 0
239 1360 0
239 1479 0
239 1718 0
240 1233 0
241 68 0
241 103 0
241 396 0
241 657 0
241 742 0
241 1006 0
241 1034 0
241 1056 0
241 1185 0
241 1187 0
241 1287 0
241 1296 0
241 1455 0
241 1519 0
243 295 0
243 1658 0
244 1646 0
245 317 0
245 577 0
245 1191 0
245 1436 0
245 1511 0
245 1798 0
246 290 0
249 1307 0
251 194 0
251 571 0
251 580 0
251 1018 0
251 1763 0
252 209 0
252 353 0
252 1003 0
253 2 0
253 111 0
253 182 0
253 297 0
253 317 0
253 512 0
253 588 0
253 606 0
253 685 0
253 687 0
253 689 0
253 708 0
253 791 0
253 803 0
253 814 0
253 995 0
253 1331 0
253 1393 0
253 1411 0
253 1511 0
253 1713 0
253 1714 0
253 1738 0
253 1743 0
253 1812 0
253 1820 0
255 1022 0
260 219 0
260 320 0
260 426 0
260 517 0
260 577 0
260 685 0
260 920 0
260 1032 0
260 1034 0
260 1087 0
260 1249 0
260 1295 0
260 1380 0
260 1469 0
260 1686 0
260 1740 0
262 1096 0
262 1629 0
262 1842 0
263 328 0
263 431 0
263 467 0
263 656 0
263 712 0
263 1119 0
263 1140 0
263 1336 0
263 1442 0
266 225 0
266 1225 0
266 1623 0
268 1838 0
269 473 0
269 856 0
269 927 0
269 1864 0
271 1404 0
272 74 0
272 804 0
272 1139 0
272 1202 0
272 1697 0
272 1707 0
274 1111 0
280 61 0
281 103 0
281 543 0
281 1143 0
281 1342 0
281 1867 0
282 199 0
282 945 0
282 1729 0
284 290 0
284 726 0
284 997 0
284 1752 0
285 587 0
285 932 0
285 1398 0
287 1365 0
288 994 0
288 1053 0
292 1137 0
295 467 0
295 526 0
295 997 0
295 1159 0
296 1375 0
296 1646 0
297 913 0
298 294 0
301 346 0
304 1019 0
307 860 0
307 1232 0
307 1440 0
307 1538 0
308 515 0
308 584 0
308 965 0
308 973 0
308 1133 0
308 1375 0
308 1477 0
308 1622 0
308 1795 0
311 932 0
311 1691 0
311 1836 0
312 1245 0
313 1440 0
314 16 0
314 55 0
314 68 0
314 71 0
314 119 0
314 155 0
314 156 0
314 174 0
314 207 0
314 211 0
314 362 0
314 433 0
314 585 0
314 605 0
314 622 0
314 694 0
314 725 0
314 727 0
314 764 0
314 817 0
314 884 0
314 962 0
314 979 0
314 981 0
314 1027 0
314 1029 0
314 1122 0
314 1156 0
314 1173 0
314 1181 0
314 1206 0
314 1225 0
314 1310 0
314 1430 0
314 1448 0
314 1534 0
314 1560 0
314 1576 0
314 1586 0
314 1595 0
314 1643 0
314 1688 0
314 1689 0
314 1736 0
314 1777 0
314 1791 0
315 325 0
320 1131 0
323 1227 0
323 1623 0
325 161 0
325 377 0
325 442 0
325 577 0
325 846 0
325 1162 0
325 1217 0
325 1339 0
325 1414 0
325 1436 0
325 1685 0
325 1797 0
327 486 0
327 596 0
327 1319 0
328 91 0
328 511 0
329 1 0
329 78 0
329 79 0
329 293 0
329 328 0
329 431 0
329 432 0
329 452 0
329 536 0
329 712 0
329 717 0
329 795 0
329 1119 0
329 1400 0
335 467 0
335 944 0
335 945 0
343 477 0
345 529 0
350 180 0
350 1365 0
350 1515 0
350 1623 0
358 111 0
358 436 0
358 443 0
358 553 0
358 565 0
358 644 0
358 657 0
358 693 0
358 708 0
358 831 0
358 1044 0
358 1084 0
358 1664 0
358 1722 0
358 1743 0
359 0 0
359 287 0
359 490 0
359 601 0
359 813 0
359 1183 0
359 1580 0
359 1711 0
361 1044 0
362 219 0
362 950 0
363 128 0
363 382 0
363 1224 0
363 1377 0
363 1811 0
365 367 0
365 658 0
365 828 0
365 920 0
365 1429 0
365 1544 0
365 1548 0
365 1568 0
365 1629 0
365 1785 0
370 529 0
370 1011 0
374 838 0
375 133 0
376 235 0
376 862 0
377 95 0
377 1047 0
381 293 0
381 670 0
381 1147 0
381 1252 0
385 288 0
385 828 0
385 912 0
385 964 0
385 1037 0
385 1114 0
385 1150 0
385 1398 0
385 1479 0
385 1488 0
385 1759 0
386 1782 0
386 1861 0
388 738 0
392 612 0
394 559 0
394 1038 0
394 1114 0
394 1118 0
394 1365 0
394 1480 0
395 337 0
395 520 0
395 614 0
395 639 0
395 1365 0
395 1801 0
398 154 0
398 354 0
398 427 0
398 440 0
398 506 0
398 599 0
398 618 0
398 728 0
398 912 0
398 1174 0
398 1449 0
398 1701 0
398 1737 0
398 1739 0
398 1766 0
398 1788 0
399 1727 0
400 97 0
400 234 0
400 389 0
400 392 0
400 1041 0
400 1669 0
400 1739 0
402 1643 0
404 1002 0
408 693 0
408 853 0
408 1182 0
408 1439 0
408 1489 0
408 1512 0
408 1679 0
408 1712 0
408 1785 0
411 862 0
411 1343 0
412 141 0
412 293 0
412 328 0
412 776 0
412 1165 0
412 1750 0
413 393 0
413 893 0
415 12 0
415 557 0
415 655 0
415 727 0
415 732 0
415 760 0
415 788 0
415 962 0
415 979 0
417 860 0
418 483 0
418 1080 0
418 1162 0
418 1631 0
418 1727 0
421 1069 0
422 482 0
422 1140 0
426 828 0
428 12 0
428 289 0
428 610 0
428 704 0
428 1048 0
428 1564 0
428 1609 0
428 1758 0
429 893 0
429 913 0
429 997 0
429 1387 0
431 438 0
431 738 0
438 1017 0
442 630 0
444 1333 0
447 212 0
447 788 0
447 1452 0
447 1785 0
448 395 0
448 1031 0
449 508 0
450 389 0
450 1625 0
451 614 0
453 139 0
453 458 0
453 925 0
453 1210 0
453 1445 0
453 1615 0
453 1742 0
456 916 0
459 132 0
459 614 0
459 765 0
459 1807 0
459 1824 0
460 583 0
460 874 0
460 1594 0
460 1720 0
467 44 0
467 111 0
467 194 0
467 207 0
467 708 0
467 859 0
467 895 0
467 905 0
467 964 0
467 1084 0
467 1554 0
467 1576 0
467 1664 0
467 1743 0
467 1759 0
467 1778 0
469 259 0
469 296 0
469 472 0
469 801 0
469 824 0
471 262 0
471 394 0
471 910 0
472 819 0
473 716 0
476 142 0
476 342 0
476 1117 0
476 1624 0
479 997 0
480 316 0
480 1732 0
481 8 0
481 40 0
481 274 0
481 304 0
481 352 0
481 528 0
481 581 0
481 912 0
481 1059 0
481 1150 0
481 1325 0
481 1335 0
481 1517 0
481 1702 0
481 1859 0
485 1313 0
487 630 0
487 690 0
487 846 0
487 1002 0
487 1037 0
487 1384 0
489 183 0
489 526 0
489 544 0
489 619 0
489 846 0
489 1017 0
489 1041 0
489 1372 0
490 5 0
490 675 0
490 1095 0
490 1492 0
492 106 0
492 386 0
492 482 0
492 561 0
492 1027 0
492 1610 0
493 56 0
493 200 0
493 274 0
493 288 0
493 478 0
493 528 0
493 565 0
493 665 0
493 669 0
493 768 0
493 817 0
493 826 0
493 890 0
493 1037 0
493 1114 0
493 1150 0
493 1213 0
493 1360 0
493 1396 0
493 1398 0
493 1479 0
493 1837 0
494 309 0
494 1814 0
495 1228 0
495 1591 0
498 234 0
499 177 0
502 235 0
504 618 0
505 554 0
510 631 0
510 911 0
514 823 0
514 1071 0
514 1379 0
514 1393 0
517 177 0
517 219 0
517 277 0
517 445 0
517 557 0
517 566 0
517 603 0
517 634 0
517 778 0
517 779 0
517 828 0
517 887 0
517 902 0
517 972 0
517 1026 0
517 1142 0
517 1261 0
517 1344 0
517 1477 0
517 1529 0
517 1535 0
517 1547 0
517 1570 0
517 1602 0
517 1616 0
517 1643 0
517 1783 0
520 1523 0
523 149 0
523 207 0
523 324 0
523 426 0
523 440 0
523 475 0
523 749 0
523 1528 0
523 1547 0
523 1727 0
524 535 0
525 813 0
525 1003 0
525 1465 0
525 1817 0
526 1002 0
526 1193 0
526 1270 0
527 1211 0
529 679 0
530 33 0
530 218 0
530 483 0
530 500 0
530 707 0
530 729 0
530 821 0
530 1050 0
530 1302 0
530 1340 0
530 1516 0
530 1530 0
530 1654 0
530 1699 0
530 1754 0
530 1772 0
532 734 0
532 824 0
532 1736 0
532 1739 0
533 987 0
533 1379 0
535 67 0
535 353 0
535 653 0
535 678 0
535 787 0
535 788 0
535 1306 0
535 1569 0
535 1752 0
535 1854 0
535 1875 0
536 656 0
537 147 0
537 168 0
537 780 0
537 806 0
537 1338 0
537 1604 0
537 1696 0
537 1730 0
540 139 0
540 155 0
540 207 0
540 238 0
540 290 0
540 363 0
540 433 0
540 482 0
540 590 0
540 598 0
540 599 0
540 817 0
540 970 0
540 1004 0
540 1041 0
540 1064 0
540 1081 0
540 1133 0
540 1181 0
540 1194 0
540 1281 0
540 1347 0
540 1445 0
540 1615 0
540 1689 0
540 1777 0
541 1281 0
541 1812 0
544 149 0
544 162 0
544 164 0
544 188 0
544 211 0
544 276 0
544 299 0
544 308 0
544 310 0
544 401 0
544 429 0
544 445 0
544 475 0
544 515 0
544 523 0
544 557 0
544 576 0
544 603 0
544 619 0
544 634 0
544 635 0
544 728 0
544 786 0
544 854 0
544 916 0
544 947 0
544 958 0
544 982 0
544 1039 0
544 1043 0
544 1129 0
544 1259 0
544 1292 0
544 1383 0
544 1434 0
544 1507 0
544 1529 0
544 1535 0
544 1537 0
544 1559 0
544 1564 0
544 1613 0
544 1616 0
544 1630 0
544 1636 0
544 1661 0
544 1709 0
544 1733 0
544 1768 0
548 146 0
548 212 0
548 966 0
551 513 0
551 535 0
551 1042 0
551 1445 0
554 513 0
554 535 0
554 1042 0
555 83 0
555 104 0
555 149 0
555 211 0
555 302 0
555 340 0
555 369 0
555 496 0
555 513 0
555 602 0
555 728 0
555 761 0
555 871 0
555 914 0
555 941 0
555 958 0
555 1007 0
555 1014 0
555 1054 0
555 1173 0
555 1212 0
555 1237 0
555 1283 0
555 1303 0
555 1383 0
555 1403 0
555 1434 0
555 1535 0
555 1579 0
555 1619 0
555 1630 0
555 1640 0
555 1768 0
555 1787 0
555 1853 0
558 75 0
558 140 0
558 246 0
558 251 0
558 268 0
558 367 0
558 587 0
558 591 0
558 651 0
558 675 0
558 727 0
558 763 0
558 828 0
558 938 0
558 1071 0
558 1173 0
558 1302 0
558 1327 0
558 1347 0
558 1379 0
558 1430 0
558 1460 0
558 1568 0
558 1685 0
558 1861 0
559 131 0
559 467 0
559 728 0
559 1214 0
559 1346 0
559 1758 0
559 1865 0
560 590 0
560 1013 0
562 438 0
562 738 0
565 1055 0
567 19 0
567 41 0
567 45 0
567 118 0
567 121 0
567 132 0
567 208 0
567 227 0
567 255 0
567 272 0
567 285 0
567 353 0
567 365 0
567 366 0
567 380 0
567 382 0
567 403 0
567 537 0
567 594 0
567 623 0
567 628 0
567 648 0
567 654 0
567 713 0
567 723 0
567 733 0
567 765 0
567 843 0
567 846 0
567 860 0
567 1021 0
567 1077 0
567 1103 0
567 1135 0
567 1138 0
567 1158 0
567 1241 0
567 1263 0
567 1319 0
567 1324 0
567 1339 0
567 1377 0
567 1436 0
567 1474 0
567 1503 0
567 1521 0
567 1537 0
567 1555 0
567 1593 0
567 1627 0
567 1629 0
567 1658 0
567 1666 0
567 1764 0
567 1767 0
567 1824 0
567 1830 0
568 184 0
568 319 0
568 1015 0
568 1153 0
568 1267 0
568 1273 0
568 1743 0
570 715 0
570 922 0
570 929 0
571 472 0
571 1017 0
571 1139 0
571 1315 0
571 1453 0
571 1785 0
571 1832 0
574 132 0
574 293 0
574 1033 0
574 1377 0
574 1521 0
574 1664 0
576 1746 0
577 1244 0
580 257 0
580 502 0
580 596 0
580 691 0
580 1406 0
580 1805 0
581 1274 0
582 1668 0
584 1685 0
584 1868 0
586 27 0
586 160 0
586 168 0
586 195 0
586 244 0
586 415 0
586 516 0
586 539 0
586 693 0
586 806 0
586 904 0
586 926 0
586 1005 0
586 1105 0
586 1393 0
586 1641 0
586 1730 0
587 315 0
587 984 0
589 424 0
589 923 0
589 1460 0
589 1654 0
589 1739 0
590 1676 0
590 1699 0
591 913 0
593 1034 0
593 1475 0
597 91 0
597 215 0
597 251 0
597 1287 0
600 148 0
600 214 0
600 432 0
600 471 0
600 542 0
600 662 0
600 680 0
600 959 0
600 1080 0
600 1131 0
600 1228 0
600 1252 0
600 1591 0
600 1761 0
603 1628 0
604 300 0
604 1797 0
605 235 0
605 1137 0
605 1745 0
606 787 0
607 86 0
607 248 0
607 332 0
607 377 0
607 454 0
607 492 0
607 499 0
607 667 0
607 786 0
607 857 0
607 963 0
607 1076 0
607 1129 0
607 1153 0
607 1184 0
607 1372 0
607 1487 0
607 1510 0
607 1620 0
607 1660 0
607 1843 0
608 1218 0
608 1687 0
608 1870 0
609 74 0
609 1310 0
609 1676 0
610 214 0
610 680 0
615 1749 0
616 686 0
617 949 0
619 261 0
619 1246 0
620 118 0
620 205 0
620 536 0
620 623 0
620 949 0
620 1241 0
620 1666 0
620 1874 0
621 579 0
621 1797 0
622 136 0
623 815 0
627 896 0
631 264 0
631 266 0
631 500 0
632 207 0
632 436 0
632 502 0
632 859 0
632 1044 0
632 1206 0
633 94 0
633 569 0
633 739 0
633 1187 0
633 1557 0
633 1628 0
633 1664 0
634 1775 0
635 293 0
637 46 0
637 815 0
637 951 0
637 1020 0
637 1256 0
637 1365 0
637 1715 0
638 558 0
638 1725 0
640 132 0
640 205 0
640 208 0
640 271 0
640 365 0
640 435 0
640 463 0
640 494 0
640 614 0
640 645 0
640 648 0
640 700 0
640 782 0
640 859 0
640 898 0
640 964 0
640 994 0
640 1074 0
640 1084 0
640 1135 0
640 1155 0
640 1238 0
640 1257 0
640 1263 0
640 1268 0
640 1281 0
640 1377 0
640 1440 0
640 1474 0
640 1488 0
640 1503 0
640 1521 0
640 1586 0
640 1639 0
640 1664 0
640 1753 0
640 1863 0
645 705 0
645 1400 0
646 1042 0
654 444 0
654 1440 0
654 1643 0
654 1658 0
654 1765 0
657 942 0
657 1251 0
657 1597 0
657 1841 0
660 1773 0
661 1182 0
664 1628 0
665 513 0
665 920 0
665 1404 0
667 1676 0
668 669 0
669 693 0
669 1124 0
669 1313 0
672 1822 0
674 344 0
675 19 0
676 499 0
676 535 0
676 1610 0
678 681 0
678 1284 0
681 1480 0
682 724 0
682 1284 0
685 490 0
685 615 0
685 913 0
685 1082 0
685 1289 0
685 1379 0
685 1473 0
685 1547 0
685 1750 0
686 945 0
687 1365 0
687 1480 0
688 1053 0
691 19 0
691 99 0
691 593 0
695 235 0
695 1475 0
698 481 0
698 1633 0
699 1084 0
699 1151 0
700 1364 0
701 293 0
701 452 0
701 717 0
701 891 0
701 1400 0
701 1480 0
702 1493 0
703 25 0
703 1165 0
703 1488 0
704 1844 0
705 275 0
710 218 0
710 522 0
710 1483 0
710 1644 0
710 1699 0
711 1500 0
712 229 0
712 528 0
712 1150 0
712 1718 0
714 920 0
717 316 0
717 433 0
717 1660 0
719 1159 0
719 1362 0
719 1600 0
720 524 0
720 1095 0
720 1785 0
727 60 0
727 153 0
727 1128 0
727 1273 0
727 1842 0
729 808 0
732 506 0
737 314 0
737 1554 0
738 1365 0
742 308 0
742 897 0
743 75 0
743 328 0
743 712 0
743 1165 0
743 1302 0
743 1386 0
743 1480 0
746 57 0
746 151 0
746 226 0
746 656 0
746 696 0
746 821 0
746 1140 0
746 1200 0
746 1289 0
746 1345 0
746 1411 0
746 1445 0
746 1466 0
746 1615 0
746 1861 0
748 596 0
748 659 0
748 691 0
748 998 0
748 1504 0
748 1558 0
748 1654 0
749 56 0
749 200 0
749 665 0
749 920 0
749 1004 0
749 1180 0
749 1189 0
749 1265 0
749 1273 0
749 1316 0
749 1358 0
749 1360 0
749 1398 0
749 1479 0
749 1569 0
749 1649 0
749 1654 0
749 1748 0
751 1571 0
758 99 0
758 352 0
758 535 0
758 581 0
758 595 0
758 920 0
758 936 0
758 984 0
758 1126 0
758 1174 0
758 1391 0
758 1446 0
758 1631 0
758 1647 0
758 1702 0
758 1829 0
759 825 0
760 1464 0
761 182 0
761 532 0
761 722 0
761 1047 0
765 1246 0
767 482 0
768 303 0
768 1875 0
771 201 0
771 501 0
775 200 0
775 1647 0
776 19 0
780 951 0
786 328 0
786 431 0
786 712 0
787 19 0
787 40 0
788 23 0
788 40 0
788 133 0
788 145 0
788 228 0
788 242 0
788 394 0
788 449 0
788 468 0
788 555 0
788 599 0
788 640 0
788 642 0
788 646 0
788 676 0
788 728 0
788 899 0
788 918 0
788 997 0
788 1051 0
788 1150 0
788 1244 0
788 1250 0
788 1304 0
788 1340 0
788 1372 0
788 1501 0
788 1543 0
788 1557 0
788 1598 0
788 1620 0
788 1660 0
788 1700 0
788 1746 0
788 1755 0
788 1766 0
788 1831 0
789 1710 0
790 293 0
790 354 0
790 420 0
790 458 0
790 742 0
790 779 0
790 1180 0
790 1189 0
790 1357 0
790 1429 0
791 821 0
791 1813 0
793 708 0
794 658 0
794 1159 0
795 230 0
796 812 0
796 1172 0
796 1247 0
797 108 0
797 813 0
802 658 0
803 1741 0
806 517 0
807 669 0
807 679 0
808 265 0
808 552 0
808 1744 0
808 1751 0
810 212 0
810 1139 0
810 1225 0
810 1310 0
812 420 0
812 711 0
812 1586 0
812 1588 0
813 337 0
813 1582 0
818 134 0
818 1387 0
818 1563 0
818 1836 0
820 7 0
821 587 0
822 1024 0
823 1210 0
826 25 0
826 339 0
826 1165 0
827 1301 0
827 1550 0
829 360 0
831 812 0
831 1172 0
832 488 0
833 1697 0
835 630 0
835 874 0
835 1258 0
835 1594 0
837 626 0
840 1575 0
842 681 0
842 1444 0
843 126 0
843 929 0
844 868 0
845 322 0
845 369 0
845 1579 0
845 1732 0
845 1741 0
847 1571 0
847 1719 0
848 631 0
850 739 0
852 153 0
852 353 0
852 561 0
852 577 0
852 646 0
852 674 0
852 846 0
852 889 0
852 1503 0
852 1752 0
852 1797 0
853 1480 0
855 814 0
855 1690 0
857 1204 0
858 44 0
858 219 0
858 230 0
858 257 0
858 297 0
858 300 0
858 337 0
858 461 0
858 578 0
858 691 0
858 799 0
858 821 0
858 895 0
858 911 0
858 959 0
858 1074 0
858 1106 0
858 1130 0
858 1159 0
858 1234 0
858 1306 0
858 1311 0
858 1444 0
858 1455 0
858 1514 0
858 1535 0
858 1683 0
858 1753 0
858 1776 0
858 1805 0
859 690 0
859 936 0
859 1038 0
859 1480 0
860 681 0
860 862 0
860 1349 0
861 1658 0
862 660 0
862 898 0
862 1202 0
862 1225 0
862 1238 0
862 1310 0
862 1557 0
862 1654 0
862 1811 0
869 467 0
869 679 0
869 1332 0
869 1836 0
873 68 0
873 181 0
873 182 0
873 207 0
873 407 0
873 528 0
873 559 0
873 645 0
873 751 0
873 817 0
873 902 0
873 1004 0
873 1027 0
873 1064 0
873 1133 0
873 1235 0
873 1253 0
873 1291 0
873 1557 0
873 1559 0
873 1586 0
873 1661 0
873 1663 0
873 1784 0
873 1870 0
874 153 0
874 432 0
874 530 0
874 684 0
874 846 0
874 865 0
874 959 0
874 1442 0
874 1471 0
874 1475 0
874 1517 0
874 1591 0
874 1797 0
875 1418 0
876 917 0
876 1322 0
881 1155 0
881 1713 0
882 1679 0
883 670 0
883 1254 0
886 1816 0
887 1450 0
888 646 0
888 674 0
888 681 0
888 997 0
888 1006 0
888 1096 0
888 1200 0
888 1289 0
888 1752 0
889 350 0
889 520 0
889 1183 0
889 1716 0
892 400 0
898 3 0
898 17 0
898 799 0
898 997 0
898 1110 0
902 159 0
902 593 0
904 1721 0
906 1494 0
910 42 0
911 517 0
911 560 0
911 1095 0
911 1293 0
911 1732 0
913 932 0
916 592 0
916 1126 0
916 1166 0
917 141 0
917 143 0
917 178 0
917 214 0
917 328 0
917 357 0
917 431 0
917 542 0
917 662 0
917 712 0
917 844 0
917 978 0
917 1119 0
917 1131 0
917 1726 0
917 1761 0
920 205 0
920 470 0
920 916 0
920 1186 0
922 74 0
922 282 0
922 663 0
922 804 0
922 966 0
922 1139 0
922 1193 0
922 1225 0
922 1270 0
922 1282 0
922 1310 0
922 1676 0
923 273 0
923 375 0
923 1340 0
923 1654 0
924 172 0
924 798 0
924 959 0
924 1074 0
924 1181 0
924 1228 0
924 1346 0
924 1591 0
927 207 0
927 1772 0
928 424 0
928 1865 0
933 418 0
933 467 0
933 1836 0
934 1 0
934 109 0
934 325 0
934 411 0
934 509 0
934 699 0
934 844 0
934 978 0
934 1073 0
934 1159 0
934 1279 0
934 1513 0
934 1726 0
935 53 0
935 61 0
935 177 0
935 192 0
935 279 0
935 362 0
935 969 0
935 1037 0
935 1323 0
935 1392 0
937 944 0
937 1544 0
937 1647 0
941 694 0
943 773 0
944 50 0
944 417 0
944 419 0
944 532 0
944 1047 0
944 1282 0
947 153 0
947 387 0
947 570 0
947 614 0
947 704 0
947 744 0
947 976 0
947 1011 0
947 1371 0
948 833 0
950 235 0
950 1310 0
950 1506 0
951 1090 0
953 1842 0
953 1852 0
954 1155 0
955 1333 0
955 1438 0
956 496 0
956 1454 0
956 1668 0
957 106 0
963 79 0
963 226 0
963 328 0
963 431 0
963 712 0
963 1119 0
963 1200 0
963 1289 0
965 87 0
967 762 0
970 303 0
970 362 0
971 200 0
971 682 0
971 769 0
971 847 0
971 898 0
974 1087 0
975 1715 0
976 1418 0
976 1796 0
978 681 0
978 1272 0
980 1506 0
981 813 0
982 448 0
982 1295 0
982 1788 0
984 347 0
984 666 0
986 1418 0
988 324 0
991 237 0
992 1514 0
994 860 0
996 1349 0
997 718 0
1001 75 0
1001 268 0
1001 651 0
1001 658 0
1001 920 0
1001 1182 0
1001 1327 0
1001 1386 0
1001 1444 0
1001 1544 0
1001 1546 0
1001 1629 0
1001 1631 0
1006 853 0
1006 1023 0
1007 1137 0
1007 1745 0
1011 427 0
1014 860 0
1016 708 0
1016 803 0
1016 1118 0
1017 241 0
1018 1826 0
1019 1176 0
1019 1628 0
1022 1480 0
1025 7 0
1025 921 0
1025 1184 0
1025 1206 0
1025 1811 0
1032 1739 0
1035 890 0
1035 1150 0
1035 1836 0
1035 1875 0
1037 226 0
1037 287 0
1037 394 0
1037 658 0
1037 910 0
1037 1352 0
1037 1589 0
1038 718 0
1038 1150 0
1038 1814 0
1043 520 0
1044 1313 0
1045 844 0
1045 978 0
1046 83 0
1046 104 0
1046 179 0
1046 253 0
1046 279 0
1046 302 0
1046 581 0
1046 725 0
1046 727 0
1046 871 0
1046 914 0
1046 964 0
1046 1042 0
1046 1143 0
1046 1173 0
1046 1303 0
1046 1318 0
1046 1404 0
1046 1405 0
1046 1625 0
1047 1302 0
1051 13 0
1051 32 0
1051 295 0
1051 351 0
1051 435 0
1051 617 0
1051 913 0
1051 1013 0
1051 1109 0
1051 1297 0
1051 1753 0
1051 1803 0
1051 1858 0
1052 1626 0
1053 1404 0
1055 350 0
1059 389 0
1059 512 0
1062 416 0
1062 606 0
1062 1108 0
1063 1668 0
1064 748 0
1064 1413 0
1066 1493 0
1068 251 0
1069 318 0
1071 1429 0
1071 1568 0
1072 268 0
1072 368 0
1072 417 0
1072 779 0
1072 1018 0
1072 1213 0
1072 1273 0
1072 1307 0
1073 1250 0
1073 1514 0
1073 1664 0
1075 141 0
1075 178 0
1075 281 0
1075 381 0
1075 467 0
1075 517 0
1075 750 0
1075 849 0
1075 947 0
1075 1477 0
1076 1143 0
1077 103 0
1077 235 0
1077 303 0
1077 588 0
1078 1035 0
1079 155 0
1079 273 0
1079 549 0
1079 590 0
1079 598 0
1079 672 0
1079 1081 0
1079 1281 0
1079 1736 0
1079 1782 0
1082 689 0
1083 1752 0
1085 985 0
1086 1146 0
1088 1505 0
1089 1074 0
1089 1785 0
1091 646 0
1093 1085 0
1094 215 0
1094 1380 0
1096 846 0
1098 1033 0
1100 897 0
1101 996 0
1103 1713 0
1103 1758 0
1105 948 0
1106 994 0
1109 49 0
1109 106 0
1109 308 0
1109 596 0
1109 1016 0
1109 1340 0
1109 1403 0
1109 1439 0
1110 1097 0
1111 1405 0
1112 1664 0
1112 1862 0
1113 153 0
1113 577 0
1113 656 0
1113 907 0
1113 1200 0
1113 1289 0
1113 1436 0
1113 1668 0
1114 131 0
1114 214 0
1114 483 0
1114 542 0
1114 662 0
1114 680 0
1114 1080 0
1114 1131 0
1114 1346 0
1114 1676 0
1114 1761 0
1116 432 0
1116 865 0
1116 1022 0
1116 1356 0
1117 62 0
1118 5 0
1118 215 0
1118 1095 0
1118 1118 0
1118 1203 0
1118 1296 0
1118 1406 0
1118 1455 0
1118 1471 0
1122 949 0
1125 207 0
1126 320 0
1126 323 0
1126 426 0
1126 832 0
1126 955 0
1126 1034 0
1126 1087 0
1126 1469 0
1126 1644 0
1126 1670 0
1126 1686 0
1126 1740 0
1127 1690 0
1129 646 0
1129 1331 0
1129 1391 0
1130 969 0
1130 1003 0
1136 238 0
1136 1130 0
1136 1793 0
1136 1800 0
1138 131 0
1138 282 0
1138 427 0
1138 472 0
1138 570 0
1138 728 0
1138 863 0
1138 1206 0
1138 1274 0
1138 1336 0
1138 1421 0
1138 1865 0
1139 7 0
1140 302 0
1140 581 0
1140 874 0
1140 1673 0
1140 1674 0
1140 1702 0
1142 235 0
1145 201 0
1145 402 0
1145 964 0
1145 1668 0
1145 1759 0
1146 137 0
1146 1046 0
1146 1452 0
1147 1211 0
1147 1794 0
1151 862 0
1151 1446 0
1151 1800 0
1154 923 0
1154 1654 0
1156 1486 0
1158 137 0
1158 377 0
1160 380 0
1160 628 0
1161 38 0
1161 247 0
1161 337 0
1161 448 0
1161 489 0
1161 587 0
1161 984 0
1161 987 0
1161 1041 0
1161 1196 0
1161 1252 0
1161 1280 0
1161 1562 0
1163 779 0
1163 1681 0
1166 1041 0
1167 161 0
1167 213 0
1167 606 0
1169 84 0
1169 327 0
1169 676 0
1169 853 0
1169 1075 0
1169 1741 0
1171 5 0
1171 70 0
1171 90 0
1171 177 0
1171 189 0
1171 759 0
1171 1307 0
1172 1337 0
1173 797 0
1174 68 0
1174 111 0
1174 396 0
1174 738 0
1174 742 0
1174 751 0
1174 864 0
1174 969 0
1174 1185 0
1174 1429 0
1174 1519 0
1174 1617 0
1174 1664 0
1174 1715 0
1174 1743 0
1174 1753 0
1174 1839 0
1175 1317 0
1178 1047 0
1179 92 0
1179 1288 0
1179 1489 0
1180 646 0
1180 1752 0
1182 133 0
1182 544 0
1182 639 0
1182 653 0
1182 815 0
1182 1017 0
1182 1315 0
1182 1453 0
1182 1832 0
1184 846 0
1184 949 0
1186 1270 0
1187 74 0
1187 1225 0
1190 109 0
1190 699 0
1190 844 0
1190 974 0
1190 978 0
1190 1279 0
1190 1726 0
1191 713 0
1191 1113 0
1191 1458 0
1192 821 0
1194 679 0
1194 1297 0
1196 601 0
1196 1339 0
1196 1418 0
1197 5 0
1197 97 0
1197 139 0
1197 151 0
1197 389 0
1197 462 0
1197 637 0
1197 675 0
1197 1063 0
1197 1185 0
1197 1189 0
1197 1574 0
1197 1603 0
1200 614 0
1202 135 0
1202 517 0
1202 685 0
1203 1124 0
1203 1313 0
1204 681 0
1208 1363 0
1210 508 0
1213 1499 0
1215 83 0
1215 302 0
1215 340 0
1215 914 0
1215 1268 0
1215 1303 0
1215 1342 0
1216 673 0
1216 853 0
1216 913 0
1217 1785 0
1218 294 0
1218 554 0
1220 211 0
1220 505 0
1220 1094 0
1220 1272 0
1220 1630 0
1220 1692 0
1225 66 0
1225 247 0
1225 435 0
1225 574 0
1225 920 0
1225 984 0
1225 1143 0
1225 1211 0
1225 1222 0
1225 1255 0
1225 1391 0
1225 1444 0
1225 1446 0
1225 1594 0
1225 1625 0
1225 1638 0
1228 782 0
1229 416 0
1229 1128 0
1230 228 0
1230 449 0
1230 1092 0
1230 1372 0
1230 1543 0
1230 1620 0
1230 1660 0
1230 1700 0
1230 1831 0
1231 808 0
1231 1143 0
1231 1753 0
1236 103 0
1236 131 0
1236 219 0
1236 238 0
1236 282 0
1236 303 0
1236 427 0
1236 440 0
1236 570 0
1236 618 0
1236 728 0
1236 764 0
1236 818 0
1236 884 0
1236 950 0
1236 956 0
1236 1030 0
1236 1193 0
1236 1223 0
1236 1270 0
1236 1323 0
1236 1347 0
1236 1421 0
1236 1500 0
1236 1538 0
1236 1567 0
1238 1688 0
1242 49 0
1242 351 0
1242 762 0
1242 1403 0
1243 1697 0
1245 600 0
1245 1245 0
1247 24 0
1247 589 0
1247 1265 0
1247 1346 0
1252 347 0
1252 603 0
1252 890 0
1252 941 0
1252 1016 0
1252 1154 0
1252 1296 0
1252 1543 0
1252 1559 0
1252 1574 0
1252 1616 0
1255 328 0
1255 431 0
1255 712 0
1255 1119 0
1255 1165 0
1256 62 0
1256 605 0
1256 885 0
1256 936 0
1256 1097 0
1256 1631 0
1261 218 0
1261 494 0
1261 913 0
1261 940 0
1261 1257 0
1261 1295 0
1261 1384 0
1261 1754 0
1261 1772 0
1261 1776 0
1268 689 0
1268 1687 0
1270 177 0
1270 1365 0
1270 1629 0
1270 1820 0
1272 83 0
1272 302 0
1272 340 0
1272 344 0
1272 581 0
1272 604 0
1272 826 0
1272 914 0
1272 920 0
1272 1303 0
1272 1404 0
1272 1631 0
1273 1785 0
1274 431 0
1274 467 0
1274 490 0
1274 714 0
1274 728 0
1274 853 0
1274 916 0
1274 1096 0
1274 1098 0
1274 1119 0
1274 1140 0
1274 1280 0
1274 1292 0
1274 1421 0
1274 1667 0
1274 1737 0
1274 1842 0
1276 1284 0
1278 182 0
1279 121 0
1279 259 0
1279 417 0
1279 443 0
1279 824 0
1279 976 0
1279 1033 0
1279 1128 0
1279 1214 0
1279 1273 0
1279 1422 0
1279 1555 0
1279 1713 0
1280 609 0
1282 308 0
1285 500 0
1287 3 0
1287 17 0
1287 524 0
1287 1178 0
1287 1430 0
1287 1583 0
1287 1688 0
1289 1369 0
1291 1132 0
1291 1241 0
1291 1601 0
1292 433 0
1292 590 0
1292 1004 0
1292 1063 0
1292 1358 0
1292 1486 0
1294 100 0
1294 729 0
1294 821 0
1294 832 0
1294 953 0
1294 1483 0
1296 1615 0
1297 933 0
1297 1595 0
1299 959 0
1302 611 0
1302 1083 0
1302 1816 0
1304 216 0
1304 554 0
1304 1860 0
1305 1165 0
1308 1069 0
1309 1 0
1309 115 0
1309 262 0
1309 332 0
1309 465 0
1309 467 0
1309 662 0
1309 674 0
1309 700 0
1309 701 0
1309 844 0
1309 978 0
1309 1225 0
1309 1552 0
1309 1554 0
1310 211 0
1310 727 0
1310 772 0
1310 1199 0
1310 1311 0
1310 1460 0
1312 817 0
1313 93 0
1317 215 0
1317 1287 0
1317 1317 0
1318 1128 0
1319 44 0
1319 111 0
1319 207 0
1319 264 0
1319 500 0
1319 1023 0
1319 1084 0
1319 1664 0
1319 1743 0
1320 482 0
1320 499 0
1320 1272 0
1324 153 0
1324 433 0
1324 590 0
1324 598 0
1324 842 0
1324 1081 0
1324 1475 0
1325 1459 0
1326 467 0
1326 1200 0
1326 1289 0
1326 1531 0
1330 1010 0
1330 1142 0
1330 1272 0
1330 1481 0
1330 1592 0
1331 96 0
1331 874 0
1331 911 0
1331 1189 0
1331 1580 0
1331 1583 0
1331 1594 0
1331 1603 0
1334 27 0
1334 44 0
1334 102 0
1334 131 0
1334 136 0
1334 186 0
1334 201 0
1334 204 0
1334 211 0
1334 230 0
1334 260 0
1334 427 0
1334 437 0
1334 461 0
1334 520 0
1334 560 0
1334 562 0
1334 571 0
1334 636 0
1334 818 0
1334 908 0
1334 956 0
1334 1155 0
1334 1185 0
1334 1299 0
1334 1300 0
1334 1311 0
1334 1440 0
1334 1454 0
1334 1538 0
1334 1551 0
1334 1617 0
1334 1852 0
1338 213 0
1338 413 0
1338 715 0
1338 1134 0
1338 1184 0
1338 1197 0
1338 1510 0
1338 1517 0
1338 1591 0
1338 1635 0
1338 1833 0
1338 1856 0
1345 405 0
1345 473 0
1345 582 0
1345 968 0
1347 1624 0
1348 1419 0
1351 674 0
1351 1426 0
1353 111 0
1353 708 0
1353 1084 0
1353 1664 0
1353 1743 0
1356 1585 0
1358 451 0
1358 513 0
1358 1231 0
1358 1429 0
1360 27 0
1360 1371 0
1360 1741 0
1362 75 0
1362 79 0
1362 328 0
1362 431 0
1362 712 0
1362 1119 0
1362 1732 0
1365 930 0
1367 105 0
1368 1140 0
1368 1418 0
1368 1422 0
1373 681 0
1374 682 0
1374 1180 0
1374 1483 0
1376 328 0
1376 431 0
1376 712 0
1376 1119 0
1377 211 0
1381 192 0
1381 368 0
1381 524 0
1381 634 0
1381 898 0
1381 984 0
1381 1045 0
1381 1143 0
1381 1211 0
1381 1311 0
1381 1386 0
1381 1595 0
1381 1636 0
1381 1689 0
1382 383 0
1382 1395 0
1383 815 0
1386 1728 0
1390 1330 0
1390 1482 0
1390 1485 0
1390 1612 0
1391 32 0
1391 96 0
1391 104 0
1391 183 0
1391 274 0
1391 435 0
1391 442 0
1391 443 0
1391 727 0
1391 763 0
1391 800 0
1391 871 0
1391 946 0
1391 955 0
1391 962 0
1391 979 0
1391 987 0
1391 1151 0
1391 1159 0
1391 1173 0
1391 1244 0
1391 1294 0
1391 1309 0
1391 1358 0
1391 1426 0
1391 1444 0
1391 1486 0
1391 1533 0
1391 1546 0
1391 1557 0
1391 1583 0
1391 1647 0
1391 1654 0
1391 1748 0
1391 1873 0
1392 998 0
1392 1044 0
1392 1257 0
1392 1454 0
1393 1249 0
1393 1422 0
1400 1852 0
1401 300 0
1401 626 0
1401 790 0
1401 1514 0
1403 79 0
1403 155 0
1403 328 0
1403 433 0
1403 590 0
1403 598 0
1403 712 0
1403 1041 0
1403 1165 0
1403 1196 0
1405 112 0
1407 309 0
1411 658 0
1413 373 0
1413 420 0
1413 905 0
1421 316 0
1421 394 0
1424 7 0
1424 267 0
1424 729 0
1424 825 0
1424 1268 0
1424 1648 0
1424 1718 0
1429 321 0
1431 1595 0
1432 707 0
1432 864 0
1432 1065 0
1432 1209 0
1432 1862 0
1434 38 0
1434 200 0
1434 275 0
1434 396 0
1434 1150 0
1434 1204 0
1434 1356 0
1434 1541 0
1434 1572 0
1434 1861 0
1439 235 0
1439 681 0
1439 860 0
1439 916 0
1439 959 0
1439 1140 0
1439 1200 0
1439 1289 0
1439 1419 0
1439 1591 0
1439 1647 0
1439 1710 0
1441 7 0
1445 316 0
1446 40 0
1446 210 0
1446 274 0
1446 432 0
1446 467 0
1446 783 0
1446 1059 0
1446 1288 0
1446 1325 0
1446 1518 0
1447 432 0
1447 959 0
1450 846 0
1450 1356 0
1454 49 0
1454 432 0
1454 893 0
1454 1252 0
1454 1859 0
1455 248 0
1455 1184 0
1456 281 0
1459 959 0
1460 764 0
1461 24 0
1461 133 0
1461 142 0
1461 201 0
1461 206 0
1461 207 0
1461 245 0
1461 257 0
1461 290 0
1461 347 0
1461 445 0
1461 452 0
1461 603 0
1461 630 0
1461 634 0
1461 666 0
1461 675 0
1461 691 0
1461 887 0
1461 898 0
1461 911 0
1461 938 0
1461 942 0
1461 955 0
1461 968 0
1461 984 0
1461 1002 0
1461 1045 0
1461 1149 0
1461 1152 0
1461 1244 0
1461 1346 0
1461 1363 0
1461 1430 0
1461 1501 0
1461 1570 0
1461 1598 0
1461 1613 0
1461 1624 0
1461 1636 0
1461 1694 0
1461 1772 0
1461 1775 0
1461 1805 0
1462 44 0
1462 230 0
1462 772 0
1462 895 0
1462 1873 0
1470 1576 0
1473 207 0
1473 1210 0
1474 38 0
1474 125 0
1474 254 0
1474 291 0
1474 293 0
1474 397 0
1474 426 0
1474 480 0
1474 522 0
1474 670 0
1474 829 0
1474 881 0
1474 891 0
1474 1064 0
1474 1112 0
1474 1365 0
1474 1443 0
1474 1498 0
1474 1716 0
1474 1806 0
1477 456 0
1477 767 0
1477 1060 0
1477 1062 0
1477 1184 0
1477 1320 0
1477 1375 0
1477 1623 0
1478 51 0
1478 248 0
1478 326 0
1478 898 0
1478 1007 0
1478 1184 0
1478 1212 0
1478 1510 0
1478 1787 0
1479 1151 0
1481 133 0
1483 1685 0
1485 608 0
1485 1656 0
1487 1718 0
1488 1404 0
1489 200 0
1489 288 0
1489 682 0
1489 847 0
1489 898 0
1489 940 0
1489 1037 0
1489 1451 0
1489 1573 0
1489 1779 0
1491 111 0
1491 945 0
1494 208 0
1494 1228 0
1494 1591 0
1496 90 0
1496 142 0
1496 189 0
1496 268 0
1496 356 0
1496 479 0
1496 486 0
1496 502 0
1496 540 0
1496 583 0
1496 672 0
1496 675 0
1496 759 0
1496 808 0
1496 1035 0
1496 1106 0
1496 1144 0
1496 1151 0
1496 1210 0
1496 1307 0
1496 1325 0
1496 1366 0
1496 1379 0
1496 1391 0
1496 1405 0
1496 1490 0
1496 1611 0
1496 1624 0
1496 1794 0
1499 1775 0
1500 655 0
1500 1173 0
1500 1569 0
1506 87 0
1507 351 0
1507 874 0
1507 1440 0
1507 1508 0
1507 1594 0
1511 897 0
1512 172 0
1512 314 0
1512 619 0
1512 1352 0
1512 1514 0
1513 383 0
1513 535 0
1513 561 0
1513 1159 0
1516 361 0
1516 1101 0
1516 1110 0
1516 1547 0
1517 41 0
1517 75 0
1517 148 0
1517 432 0
1517 530 0
1517 614 0
1517 687 0
1517 846 0
1517 959 0
1517 1140 0
1517 1182 0
1517 1228 0
1517 1339 0
1517 1384 0
1517 1419 0
1517 1591 0
1518 824 0
1521 281 0
1521 849 0
1521 987 0
1522 268 0
1522 288 0
1522 290 0
1522 361 0
1522 733 0
1522 969 0
1522 1039 0
1522 1078 0
1522 1136 0
1522 1170 0
1522 1221 0
1522 1736 0
1524 265 0
1524 552 0
1524 920 0
1524 1289 0
1524 1325 0
1524 1384 0
1524 1504 0
1529 364 0
1531 241 0
1531 380 0
1531 1686 0
1533 94 0
1533 147 0
1533 160 0
1533 168 0
1533 195 0
1533 244 0
1533 415 0
1533 464 0
1533 539 0
1533 682 0
1533 767 0
1533 780 0
1533 806 0
1533 823 0
1533 904 0
1533 1005 0
1533 1032 0
1533 1124 0
1533 1313 0
1533 1338 0
1533 1385 0
1533 1604 0
1533 1686 0
1533 1696 0
1533 1730 0
1533 1740 0
1535 75 0
1535 125 0
1535 1022 0
1535 1680 0
1537 944 0
1537 1058 0
1538 1378 0
1539 529 0
1539 1074 0
1539 1306 0
1539 1664 0
1539 1741 0
1540 3 0
1540 17 0
1540 436 0
1540 824 0
1540 1110 0
1540 1720 0
1542 643 0
1542 1165 0
1542 1280 0
1544 423 0
1544 612 0
1545 53 0
1545 1013 0
1545 1392 0
1545 1673 0
1545 1674 0
1549 165 0
1549 287 0
1549 656 0
1549 673 0
1549 813 0
1549 984 0
1549 1085 0
1549 1273 0
1552 7 0
1552 57 0
1552 452 0
1552 529 0
1552 942 0
1552 1181 0
1553 246 0
1554 215 0
1554 1317 0
1555 619 0
1555 1159 0
1556 4 0
1556 86 0
1556 149 0
1556 188 0
1556 211 0
1556 260 0
1556 269 0
1556 291 0
1556 454 0
1556 479 0
1556 505 0
1556 641 0
1556 649 0
1556 721 0
1556 958 0
1556 996 0
1556 1043 0
1556 1099 0
1556 1129 0
1556 1206 0
1556 1237 0
1556 1292 0
1556 1310 0
1556 1457 0
1556 1487 0
1556 1538 0
1556 1551 0
1556 1602 0
1556 1640 0
1556 1715 0
1556 1768 0
1556 1811 0
1556 1843 0
1557 880 0
1557 1003 0
1558 274 0
1559 452 0
1559 535 0
1559 942 0
1559 1126 0
1559 1251 0
1559 1444 0
1559 1515 0
1559 1575 0
1559 1597 0
1560 224 0
1560 1284 0
1563 141 0
1563 209 0
1563 350 0
1563 467 0
1563 849 0
1563 1776 0
1564 656 0
1565 860 0
1567 4 0
1567 949 0
1567 1580 0
1568 13 0
1569 198 0
1569 1638 0
1576 297 0
1576 452 0
1576 1145 0
1576 1402 0
1576 1597 0
1576 1662 0
1576 1671 0
1576 1781 0
1576 1841 0
1577 564 0
1577 606 0
1577 646 0
1577 876 0
1581 1323 0
1582 141 0
1582 452 0
1586 685 0
1587 328 0
1587 1336 0
1588 635 0
1588 994 0
1591 672 0
1592 265 0
1592 544 0
1592 858 0
1592 920 0
1592 1115 0
1592 1289 0
1592 1325 0
1593 644 0
1595 140 0
1597 809 0
1600 327 0
1600 367 0
1600 1830 0
1602 177 0
1603 28 0
1603 58 0
1603 106 0
1603 535 0
1603 819 0
1603 958 0
1603 1266 0
1603 1336 0
1603 1526 0
1604 141 0
1604 178 0
1605 282 0
1605 731 0
1605 1193 0
1605 1270 0
1605 1286 0
1605 1310 0
1605 1676 0
1607 1841 0
1612 815 0
1614 42 0
1615 966 0
1615 1091 0
1615 1695 0
1615 1698 0
1615 1780 0
1620 281 0
1620 306 0
1620 885 0
1620 1288 0
1620 1483 0
1621 1640 0
1623 675 0
1624 132 0
1624 205 0
1624 208 0
1624 382 0
1624 537 0
1624 614 0
1624 624 0
1624 922 0
1624 1339 0
1624 1377 0
1624 1593 0
1624 1758 0
1625 91 0
1625 1567 0
1627 1359 0
1628 1262 0
1629 79 0
1629 328 0
1629 431 0
1629 499 0
1629 513 0
1629 712 0
1629 1119 0
1629 1165 0
1629 1610 0
1632 86 0
1632 410 0
1632 454 0
1632 754 0
1632 774 0
1632 1254 0
1632 1487 0
1632 1843 0
1633 1114 0
1633 1480 0
1634 329 0
1634 536 0
1634 1277 0
1634 1643 0
1636 556 0
1636 646 0
1636 1752 0
1637 318 0
1637 368 0
1637 535 0
1637 644 0
1637 1210 0
1637 1450 0
1638 1865 0
1641 796 0
1641 1384 0
1643 230 0
1644 600 0
1647 1544 0
1650 328 0
1650 431 0
1650 712 0
1650 1165 0
1652 81 0
1652 673 0
1655 1380 0
1656 19 0
1656 1153 0
1656 1866 0
1657 817 0
1664 19 0
1664 54 0
1664 79 0
1664 135 0
1664 156 0
1664 310 0
1664 508 0
1664 606 0
1664 712 0
1664 718 0
1664 876 0
1664 892 0
1664 919 0
1664 940 0
1664 988 0
1664 1018 0
1664 1119 0
1664 1280 0
1664 1395 0
1664 1480 0
1664 1554 0
1664 1573 0
1664 1729 0
1664 1763 0
1665 109 0
1665 141 0
1665 178 0
1665 1726 0
1666 301 0
1667 1752 0
1668 698 0
1668 1025 0
1668 1797 0
1669 991 0
1670 840 0
1670 976 0
1670 1200 0
1670 1289 0
1670 1302 0
1673 68 0
1673 81 0
1673 96 0
1673 194 0
1673 204 0
1673 219 0
1673 300 0
1673 427 0
1673 615 0
1673 636 0
1673 728 0
1673 1067 0
1673 1118 0
1673 1274 0
1673 1300 0
1673 1343 0
1673 1402 0
1673 1479 0
1673 1547 0
1673 1583 0
1673 1758 0
1673 1868 0
1675 606 0
1675 1159 0
1677 30 0
1677 50 0
1677 60 0
1677 131 0
1677 153 0
1677 165 0
1677 171 0
1677 204 0
1677 245 0
1677 417 0
1677 493 0
1677 805 0
1677 1278 0
1677 1300 0
1677 1302 0
1677 1366 0
1677 1446 0
1677 1544 0
1677 1668 0
1677 1785 0
1679 237 0
1679 984 0
1679 1589 0
1682 101 0
1683 90 0
1683 1189 0
1686 37 0
1686 73 0
1686 79 0
1686 129 0
1686 359 0
1686 538 0
1686 564 0
1686 737 0
1686 1410 0
1686 1499 0
1686 1623 0
1686 1645 0
1687 301 0
1687 592 0
1687 1362 0
1687 1727 0
1689 79 0
1689 328 0
1689 431 0
1689 712 0
1689 1432 0
1695 109 0
1695 974 0
1695 978 0
1695 1680 0
1695 1715 0
1695 1726 0
1696 1192 0
1697 718 0
1697 916 0
1697 918 0
1697 1096 0
1697 1336 0
1697 1842 0
1698 111 0
1698 1380 0
1698 1431 0
1700 1236 0
1701 815 0
1701 846 0
1701 1227 0
1701 1744 0
1702 93 0
1702 666 0
1702 944 0
1702 1428 0
1706 56 0
1706 96 0
1706 192 0
1706 216 0
1706 659 0
1706 665 0
1706 796 0
1706 998 0
1706 1013 0
1706 1201 0
1706 1360 0
1706 1376 0
1706 1425 0
1706 1479 0
1706 1558 0
1706 1583 0
1706 1868 0
1707 125 0
1707 1022 0
1707 1850 0
1708 1535 0
1709 1182 0
1709 1302 0
1710 600 0
1710 1152 0
1710 1239 0
1712 103 0
1712 288 0
1712 651 0
1712 1149 0
1712 1241 0
1712 1532 0
1715 186 0
1715 1673 0
1716 1440 0
1718 1335 0
1719 1115 0
1720 1165 0
1720 1680 0
1721 1200 0
1721 1289 0
1721 1404 0
1722 1 0
1722 455 0
1722 483 0
1722 489 0
1722 662 0
1722 844 0
1722 978 0
1722 997 0
1722 1680 0
1724 893 0
1724 1254 0
1724 1590 0
1725 592 0
1727 111 0
1727 1365 0
1727 1743 0
1728 1 0
1728 109 0
1728 115 0
1728 231 0
1728 262 0
1728 411 0
1728 509 0
1728 699 0
1728 770 0
1728 795 0
1728 844 0
1728 893 0
1728 974 0
1728 978 0
1728 1073 0
1728 1080 0
1728 1110 0
1728 1188 0
1728 1279 0
1728 1361 0
1728 1513 0
1728 1715 0
1728 1726 0
1728 1727 0
1728 1750 0
1729 1398 0
1731 586 0
1731 596 0
1731 891 0
1731 968 0
1731 1200 0
1731 1273 0
1731 1289 0
1731 1384 0
1731 1503 0
1731 1545 0
1731 1808 0
1738 300 0
1739 194 0
1739 1121 0
1739 1153 0
1739 1267 0
1739 1373 0
1739 1590 0
1739 1818 0
1739 1866 0
1740 53 0
1740 91 0
1740 102 0
1740 111 0
1740 120 0
1740 186 0
1740 260 0
1740 262 0
1740 396 0
1740 423 0
1740 433 0
1740 590 0
1740 676 0
1740 708 0
1740 734 0
1740 821 0
1740 1084 0
1740 1317 0
1740 1340 0
1740 1392 0
1740 1551 0
1740 1627 0
1740 1632 0
1740 1743 0
1740 1839 0
1744 688 0
1744 769 0
1744 896 0
1744 1312 0
1745 273 0
1745 1736 0
1751 102 0
1751 950 0
1757 337 0
1757 729 0
1757 1186 0
1758 718 0
1758 814 0
1758 1690 0
1759 153 0
1759 846 0
1759 1288 0
1759 1511 0
1761 312 0
1763 79 0
1763 328 0
1763 359 0
1763 513 0
1763 712 0
1763 1042 0
1763 1404 0
1763 1715 0
1764 681 0
1764 1251 0
1764 1363 0
1764 1595 0
1765 316 0
1765 394 0
1765 646 0
1765 1269 0
1765 1503 0
1765 1589 0
1765 1752 0
1766 325 0
