3 210 1
7 164 1
8 293 1
8 293 1
8 293 1
8 293 1
8 527 1
8 1178 1
9 1908 1
10 179 1
10 638 1
10 1721 1
10 1990 1
10 1990 1
12 1187 1
14 179 1
16 1843 1
23 1772 1
23 1993 1
26 425 1
27 709 1
33 293 1
33 293 1
33 293 1
33 293 1
33 293 1
34 327 1
37 742 1
38 74 1
38 121 1
38 192 1
38 245 1
38 486 1
38 726 1
38 729 1
38 900 1
38 920 1
38 1024 1
38 1352 1
38 1639 1
38 1673 1
38 1761 1
38 1834 1
38 1955 1
40 179 1
40 409 1
40 409 1
43 1821 1
44 610 1
45 392 1
46 1321 1
46 1680 1
47 88 1
47 169 1
47 518 1
47 879 1
48 1107 1
50 271 1
53 1201 1
53 1201 1
54 293 1
65 1680 1
66 1423 1
69 1790 1
71 1663 1
72 425 1
72 1201 1
72 1201 1
72 1201 1
72 1201 1
72 1201 1
72 1492 1
74 293 1
76 506 1
76 535 1
76 535 1
76 1479 1
76 1630 1
76 1630 1
76 1868 1
76 1870 1
77 912 1
80 1201 1
86 1481 1
88 293 1
89 1439 1
91 1605 1
92 46 1
93 1293 1
97 1371 1
99 1678 1
100 1423 1
102 610 1
104 1374 1
105 247 1
109 1171 1
111 1881 1
112 46 1
116 117 1
116 164 1
116 630 1
116 1118 1
116 1341 1
116 1396 1
116 1481 1
116 1573 1
116 1783 1
116 1881 1
117 351 1
117 351 1
118 293 1
120 79 1
121 85 1
121 98 1
121 293 1
121 293 1
121 293 1
121 293 1
121 293 1
121 293 1
121 293 1
121 293 1
121 293 1
121 293 1
121 293 1
121 293 1
121 568 1
121 568 1
121 569 1
121 569 1
121 569 1
121 597 1
121 597 1
121 742 1
121 916 1
121 981 1
121 1010 1
121 1016 1
121 1110 1
121 1110 1
121 1231 1
121 1462 1
121 1592 1
121 1592 1
121 1650 1
121 1678 1
121 1678 1
121 1678 1
121 1694 1
121 1702 1
121 1702 1
121 1710 1
121 1761 1
121 1801 1
121 1858 1
121 2000 1
123 650 1
123 1187 1
123 1488 1
123 1650 1
127 327 1
129 627 1
134 912 1
136 1906 1
137 1630 1
144 1821 1
147 1201 1
147 1201 1
147 1201 1
147 1201 1
147 1201 1
147 1201 1
148 293 1
150 1201 1
151 293 1
155 88 1
155 585 1
155 585 1
155 742 1
155 742 1
155 811 1
155 811 1
155 1489 1
155 1489 1
159 293 1
159 1266 1
161 940 1
161 1201 1
161 1201 1
161 1492 1
162 293 1
164 729 1
167 351 1
167 351 1
167 351 1
167 351 1
170 425 1
171 2 1
171 78 1
171 311 1
171 561 1
171 569 1
171 1130 1
171 1434 1
171 1439 1
171 1721 1
171 1990 1
172 1064 1
175 493 1
175 1064 1
175 1064 1
177 196 1
177 293 1
177 310 1
177 351 1
177 460 1
177 1549 1
177 1678 1
177 1694 1
178 1201 1
178 1201 1
178 1201 1
178 1201 1
178 1201 1
178 1201 1
178 1201 1
178 1201 1
181 1201 1
183 293 1
184 1110 1
186 621 1
187 1201 1
188 1 1
188 3 1
188 8 1
188 20 1
188 21 1
188 22 1
188 25 1
188 30 1
188 44 1
188 48 1
188 66 1
188 71 1
188 73 1
188 78 1
188 85 1
188 86 1
188 93 1
188 96 1
188 97 1
188 111 1
188 115 1
188 119 1
188 147 1
188 155 1
188 158 1
188 185 1
188 196 1
188 206 1
188 209 1
188 211 1
188 212 1
188 214 1
188 237 1
188 237 1
188 238 1
188 240 1
188 241 1
188 241 1
188 241 1
188 241 1
188 241 1
188 241 1
188 251 1
188 266 1
188 270 1
188 280 1
188 293 1
188 293 1
188 293 1
188 293 1
188 293 1
188 293 1
188 297 1
188 310 1
188 324 1
188 343 1
188 348 1
188 385 1
188 387 1
188 419 1
188 420 1
188 438 1
188 442 1
188 443 1
188 452 1
188 453 1
188 459 1
188 463 1
188 476 1
188 488 1
188 494 1
188 497 1
188 497 1
188 501 1
188 538 1
188 545 1
188 547 1
188 551 1
188 553 1
188 580 1
188 587 1
188 591 1
188 612 1
188 612 1
188 612 1
188 618 1
188 675 1
188 718 1
188 719 1
188 722 1
188 729 1
188 750 1
188 765 1
188 776 1
188 798 1
188 800 1
188 810 1
188 815 1
188 816 1
188 819 1
188 820 1
188 820 1
188 822 1
188 826 1
188 840 1
188 882 1
188 891 1
188 893 1
188 897 1
188 897 1
188 912 1
188 918 1
188 926 1
188 934 1
188 962 1
188 963 1
188 970 1
188 981 1
188 1006 1
188 1012 1
188 1016 1
188 1020 1
188 1029 1
188 1029 1
188 1030 1
188 1033 1
188 1038 1
188 1040 1
188 1073 1
188 1077 1
188 1085 1
188 1094 1
188 1110 1
188 1118 1
188 1119 1
188 1143 1
188 1148 1
188 1149 1
188 1149 1
188 1160 1
188 1161 1
188 1166 1
188 1168 1
188 1190 1
188 1190 1
188 1190 1
188 1199 1
188 1230 1
188 1239 1
188 1242 1
188 1248 1
188 1248 1
188 1248 1
188 1259 1
188 1265 1
188 1271 1
188 1305 1
188 1331 1
188 1337 1
188 1372 1
188 1397 1
188 1398 1
188 1401 1
188 1447 1
188 1455 1
188 1459 1
188 1480 1
188 1483 1
188 1501 1
188 1507 1
188 1517 1
188 1532 1
188 1541 1
188 1541 1
188 1550 1
188 1603 1
188 1606 1
188 1625 1
188 1630 1
188 1645 1
188 1647 1
188 1658 1
188 1673 1
188 1673 1
188 1673 1
188 1683 1
188 1690 1
188 1694 1
188 1717 1
188 1734 1
188 1751 1
188 1769 1
188 1782 1
188 1821 1
188 1821 1
188 1826 1
188 1829 1
188 1833 1
188 1848 1
188 1887 1
188 1887 1
188 1887 1
188 1887 1
188 1887 1
188 1887 1
188 1887 1
188 1887 1
188 1887 1
188 1887 1
188 1887 1
188 1887 1
188 1887 1
188 1887 1
188 1887 1
188 1887 1
188 1887 1
188 1888 1
188 1911 1
188 1911 1
188 1919 1
188 1919 1
188 1924 1
188 1945 1
188 1945 1
188 1950 1
188 1951 1
188 1959 1
188 1965 1
188 1974 1
188 1981 1
188 1990 1
189 179 1
192 610 1
193 392 1
194 42 1
203 1821 1
206 293 1
210 610 1
210 1201 1
210 1246 1
211 1293 1
214 247 1
219 1201 1
219 1201 1
222 46 1
226 31 1
227 179 1
228 1201 1
231 1107 1
233 1818 1
234 1423 1
235 1201 1
235 1201 1
235 1201 1
235 1856 1
236 293 1
239 351 1
239 351 1
239 351 1
245 610 1
245 1201 1
245 1201 1
245 1201 1
245 1201 1
245 1201 1
245 1201 1
245 1201 1
247 327 1
247 1423 1
248 1757 1
249 940 1
253 293 1
256 42 1
258 179 1
258 179 1
259 1201 1
260 1772 1
262 293 1
263 1064 1
266 1201 1
268 1888 1
269 351 1
270 501 1
276 723 1
277 1423 1
277 1423 1
278 332 1
283 17 1
285 568 1
285 773 1
285 1650 1
286 643 1
289 1201 1
289 1201 1
289 1201 1
289 1201 1
289 1201 1
289 1201 1
292 773 1
292 1644 1
296 164 1
300 1201 1
300 1201 1
300 1492 1
303 512 1
305 204 1
305 293 1
305 293 1
305 293 1
305 1148 1
305 1650 1
305 1676 1
305 2000 1
306 1381 1
306 1381 1
311 1128 1
314 175 1
318 1201 1
318 1201 1
318 1201 1
318 1201 1
319 293 1
321 1064 1
321 1172 1
321 1172 1
322 247 1
324 912 1
328 1699 1
330 1680 1
334 332 1
343 1201 1
347 1821 1
350 621 1
351 1722 1
352 293 1
354 909 1
358 912 1
362 573 1
363 573 1
364 849 1
365 79 1
367 293 1
369 1371 1
374 1201 1
375 729 1
379 293 1
381 1201 1
382 293 1
383 293 1
385 1772 1
389 293 1
390 1201 1
394 913 1
394 1676 1
394 1810 1
394 1821 1
398 293 1
401 1030 1
405 1201 1
405 1201 1
405 1201 1
405 1492 1
408 729 1
413 122 1
413 650 1
413 650 1
413 1187 1
414 1180 1
417 662 1
419 1843 1
423 155 1
423 1821 1
423 1821 1
423 1821 1
427 1064 1
427 1064 1
427 1172 1
442 1605 1
444 179 1
444 179 1
445 1537 1
446 1198 1
450 940 1
450 1201 1
450 1201 1
450 1201 1
450 1201 1
450 1201 1
450 1201 1
450 1201 1
450 1201 1
451 17 1
452 210 1
453 556 1
453 1201 1
454 1439 1
455 1843 1
457 59 1
457 499 1
457 904 1
457 939 1
457 947 1
457 1178 1
459 293 1
459 293 1
459 322 1
459 1455 1
459 1896 1
461 1064 1
461 1064 1
462 293 1
464 1201 1
467 93 1
467 240 1
467 292 1
467 409 1
467 517 1
467 796 1
467 1764 1
469 1546 1
473 271 1
474 351 1
474 351 1
474 351 1
474 1602 1
475 79 1
478 1201 1
483 1683 1
484 1201 1
484 1201 1
488 293 1
490 618 1
490 618 1
492 196 1
498 1201 1
500 351 1
500 351 1
500 351 1
501 74 1
502 88 1
503 238 1
503 293 1
503 1680 1
503 1834 1
506 912 1
507 1270 1
508 940 1
509 293 1
514 1457 1
517 71 1
517 940 1
517 1201 1
517 1201 1
518 351 1
523 179 1
527 1201 1
527 1201 1
527 1856 1
530 179 1
531 912 1
531 1683 1
532 478 1
532 1650 1
538 293 1
540 610 1
540 1201 1
541 1821 1
545 1680 1
548 293 1
549 1167 1
552 1067 1
552 1974 1
555 716 1
556 239 1
556 1310 1
558 128 1
558 128 1
560 672 1
560 912 1
560 1159 1
561 1790 1
562 1439 1
562 1885 1
563 1201 1
563 1201 1
564 1201 1
567 293 1
569 816 1
572 351 1
572 351 1
574 293 1
575 1201 1
575 1201 1
577 1128 1
584 1201 1
585 1678 1
590 1888 1
592 375 1
596 179 1
599 912 1
603 293 1
605 1683 1
606 1423 1
609 293 1
609 293 1
609 1888 1
611 1048 1
612 912 1
614 237 1
618 910 1
619 912 1
621 344 1
623 348 1
623 1114 1
623 1578 1
623 1578 1
623 1950 1
624 125 1
624 136 1
624 1539 1
627 1293 1
629 425 1
632 7 1
632 31 1
632 138 1
632 275 1
632 293 1
632 379 1
632 502 1
632 544 1
632 612 1
632 785 1
632 821 1
632 928 1
632 1030 1
632 1096 1
632 1150 1
632 1164 1
632 1201 1
632 1201 1
632 1231 1
632 1398 1
632 1398 1
632 1501 1
632 1578 1
632 1617 1
632 1758 1
632 1782 1
632 1888 1
633 1663 1
635 1683 1
637 351 1
637 351 1
637 351 1
638 293 1
639 1201 1
640 293 1
648 1757 1
650 293 1
650 1230 1
652 254 1
653 1201 1
655 989 1
659 1843 1
661 1201 1
664 792 1
667 379 1
670 1201 1
671 1231 1
672 66 1
672 348 1
672 1114 1
672 1578 1
672 1950 1
673 1663 1
676 4 1
677 1796 1
678 17 1
680 1507 1
681 293 1
685 392 1
687 293 1
687 293 1
687 293 1
687 293 1
687 569 1
687 597 1
687 619 1
687 742 1
687 1288 1
687 1678 1
687 1678 1
687 1678 1
687 1896 1
687 1926 1
687 1933 1
692 912 1
693 1201 1
693 1201 1
693 1201 1
693 1201 1
693 1201 1
695 64 1
695 1201 1
695 1201 1
696 526 1
697 1201 1
698 1201 1
698 1201 1
698 1201 1
701 1605 1
704 1201 1
709 1064 1
709 1064 1
709 1064 1
713 638 1
713 638 1
716 16 1
716 551 1
718 908 1
718 1128 1
718 1128 1
719 1201 1
719 1201 1
719 1201 1
719 1293 1
720 351 1
720 351 1
720 351 1
720 1961 1
723 1439 1
724 940 1
727 1201 1
729 293 1
729 686 1
729 1455 1
729 1455 1
733 293 1
734 415 1
735 1201 1
742 912 1
746 179 1
747 293 1
747 293 1
748 1439 1
749 425 1
749 425 1
749 643 1
749 1201 1
749 1764 1
751 402 1
751 1608 1
752 1968 1
754 556 1
754 940 1
754 1201 1
754 1201 1
754 1201 1
754 1201 1
754 1201 1
754 1201 1
754 1492 1
755 556 1
755 1201 1
755 1201 1
755 1201 1
755 1201 1
755 1201 1
755 1201 1
756 729 1
757 846 1
761 1968 1
764 580 1
765 17 1
765 512 1
766 1201 1
766 1201 1
766 1201 1
767 1175 1
768 293 1
768 1888 1
769 1680 1
770 293 1
770 1761 1
771 1064 1
773 116 1
774 556 1
777 1201 1
777 1201 1
777 1201 1
777 1201 1
777 1201 1
778 31 1
778 31 1
778 164 1
779 392 1
781 17 1
783 293 1
786 47 1
786 85 1
786 85 1
786 98 1
786 268 1
786 293 1
786 293 1
786 293 1
786 293 1
786 293 1
786 293 1
786 404 1
786 568 1
786 569 1
786 569 1
786 597 1
786 597 1
786 637 1
786 686 1
786 717 1
786 1016 1
786 1099 1
786 1110 1
786 1231 1
786 1462 1
786 1465 1
786 1592 1
786 1644 1
786 1678 1
786 1678 1
786 1678 1
786 1702 1
786 1858 1
795 1321 1
797 1678 1
797 1678 1
799 31 1
803 43 1
803 85 1
803 85 1
803 293 1
803 293 1
803 293 1
803 303 1
803 709 1
803 733 1
803 846 1
803 889 1
803 889 1
803 909 1
803 1167 1
803 1169 1
803 1231 1
803 1317 1
803 1639 1
803 1678 1
803 1768 1
803 1782 1
803 1782 1
803 1997 1
806 729 1
808 1064 1
809 293 1
809 1678 1
812 1201 1
812 1246 1
816 293 1
822 556 1
823 441 1
823 591 1
823 591 1
823 591 1
823 610 1
823 674 1
823 791 1
823 966 1
823 1423 1
824 425 1
827 1201 1
827 1201 1
827 1201 1
832 293 1
832 1678 1
833 1293 1
834 140 1
835 1439 1
839 1201 1
840 1201 1
842 1821 1
844 351 1
845 1064 1
845 1064 1
845 1064 1
845 1172 1
845 1172 1
848 271 1
848 351 1
850 351 1
850 351 1
850 351 1
851 912 1
853 183 1
853 345 1
853 1429 1
864 1763 1
868 1201 1
871 1150 1
872 1887 1
875 1663 1
877 1425 1
879 846 1
880 293 1
880 637 1
880 1572 1
881 833 1
882 355 1
883 908 1
888 293 1
893 293 1
894 1201 1
896 729 1
899 1680 1
899 1680 1
901 252 1
901 351 1
901 383 1
901 644 1
901 1029 1
901 1088 1
901 1088 1
901 1128 1
901 1128 1
901 1128 1
901 1243 1
901 1496 1
901 1496 1
901 1608 1
901 1774 1
901 1823 1
902 1439 1
907 341 1
907 1381 1
911 164 1
912 1229 1
915 293 1
916 630 1
918 1481 1
920 136 1
920 344 1
922 293 1
923 79 1
924 351 1
924 351 1
924 351 1
927 493 1
927 720 1
927 1172 1
928 332 1
928 332 1
936 591 1
940 912 1
940 912 1
942 179 1
942 1481 1
943 719 1
944 212 1
948 614 1
948 1459 1
948 1578 1
951 1201 1
952 591 1
954 293 1
956 1663 1
957 580 1
958 1772 1
958 1772 1
962 1201 1
962 1201 1
962 1201 1
962 1201 1
967 293 1
967 293 1
967 293 1
971 1201 1
971 1201 1
971 1201 1
971 1201 1
971 1201 1
971 1201 1
971 1201 1
971 1201 1
972 164 1
973 122 1
973 1650 1
974 1201 1
974 1201 1
974 1201 1
974 1201 1
974 1201 1
975 512 1
975 1370 1
976 1650 1
978 122 1
980 116 1
981 1790 1
982 1201 1
983 1881 1
987 98 1
987 293 1
987 293 1
987 293 1
987 293 1
987 293 1
987 293 1
987 293 1
987 293 1
987 293 1
987 293 1
987 293 1
987 293 1
987 293 1
987 293 1
987 293 1
987 293 1
987 293 1
987 568 1
987 569 1
987 597 1
987 597 1
987 637 1
987 717 1
987 742 1
987 742 1
987 854 1
987 916 1
987 1099 1
987 1110 1
987 1167 1
987 1170 1
987 1230 1
987 1271 1
987 1409 1
987 1592 1
987 1644 1
987 1650 1
987 1678 1
987 1678 1
987 1702 1
987 1710 1
987 1782 1
987 1840 1
987 1896 1
987 1933 1
987 1933 1
989 293 1
990 800 1
991 1201 1
991 1201 1
991 1201 1
991 1201 1
991 1201 1
991 1201 1
991 1201 1
991 1201 1
991 1201 1
991 1201 1
992 179 1
992 179 1
992 726 1
992 1403 1
994 610 1
995 922 1
996 912 1
998 1201 1
998 1201 1
999 1475 1
1000 1414 1
1003 526 1
1003 1680 1
1007 1683 1
1008 1782 1
1011 1052 1
1015 1201 1
1015 1201 1
1015 1479 1
1016 66 1
1016 1459 1
1017 69 1
1017 69 1
1017 766 1
1017 979 1
1017 1371 1
1017 1666 1
1018 429 1
1018 909 1
1019 890 1
1021 351 1
1021 351 1
1021 351 1
1021 1602 1
1022 1198 1
1023 85 1
1023 293 1
1023 293 1
1023 293 1
1023 293 1
1023 293 1
1023 293 1
1023 628 1
1023 773 1
1023 916 1
1023 916 1
1024 643 1
1025 1201 1
1027 1201 1
1031 643 1
1032 392 1
1033 351 1
1033 429 1
1034 1201 1
1036 1772 1
1040 940 1
1041 1721 1
1044 126 1
1045 293 1
1046 268 1
1046 293 1
1046 293 1
1046 293 1
1046 1178 1
1046 1468 1
1046 1796 1
1046 1896 1
1046 2000 1
1054 1680 1
1055 591 1
1057 293 1
1058 680 1
1059 1459 1
1059 1950 1
1061 1439 1
1062 1412 1
1062 1764 1
1063 1201 1
1063 1201 1
1063 1201 1
1067 800 1
1071 1795 1
1072 396 1
1073 1064 1
1077 1425 1
1079 351 1
1079 1663 1
1080 577 1
1081 1888 1
1082 621 1
1084 293 1
1084 293 1
1088 472 1
1088 472 1
1091 1209 1
1091 1396 1
1092 332 1
1097 1772 1
1099 556 1
1099 1201 1
1099 1201 1
1104 179 1
1105 1324 1
1106 1064 1
1107 940 1
1110 116 1
1110 931 1
1110 1352 1
1111 1201 1
1111 1201 1
1111 1201 1
1111 1201 1
1115 773 1
1115 773 1
1116 175 1
1116 939 1
1116 1862 1
1118 1201 1
1118 1201 1
1118 1201 1
1118 1201 1
1122 156 1
1122 1513 1
1123 1683 1
1124 1461 1
1126 1645 1
1129 1414 1
1134 179 1
1136 136 1
1136 179 1
1136 179 1
1136 420 1
1136 591 1
1136 657 1
1136 1206 1
1136 1236 1
1136 1546 1
1136 1821 1
1139 1908 1
1140 59 1
1140 327 1
1140 1385 1
1146 293 1
1146 1230 1
1147 990 1
1148 1201 1
1151 1201 1
1151 1201 1
1151 1201 1
1151 1201 1
1153 293 1
1153 293 1
1153 717 1
1153 777 1
1153 1465 1
1153 1710 1
1154 1821 1
1156 179 1
1156 820 1
1156 820 1
1158 1049 1
1158 1064 1
1159 17 1
1159 512 1
1160 116 1
1161 164 1
1162 1371 1
1167 1898 1
1168 643 1
1169 293 1
1169 293 1
1170 234 1
1173 22 1
1173 293 1
1173 293 1
1173 749 1
1173 810 1
1173 1069 1
1173 1259 1
1173 1268 1
1173 1460 1
1173 1536 1
1173 1611 1
1173 1680 1
1173 1795 1
1173 1821 1
1173 1821 1
1175 293 1
1179 1175 1
1183 493 1
1184 1481 1
1188 351 1
1188 979 1
1195 351 1
1196 792 1
1197 443 1
1199 247 1
1203 64 1
1204 164 1
1206 351 1
1207 716 1
1211 1968 1
1214 1201 1
1222 1201 1
1222 1201 1
1222 1201 1
1222 1201 1
1223 66 1
1223 93 1
1223 240 1
1223 796 1
1223 1067 1
1223 1780 1
1224 729 1
1226 610 1
1227 1201 1
1230 1201 1
1232 627 1
1232 720 1
1232 1029 1
1232 1064 1
1232 1064 1
1232 1172 1
1232 1819 1
1238 351 1
1238 351 1
1238 351 1
1238 351 1
1238 351 1
1239 636 1
1239 1198 1
1240 810 1
1240 1407 1
1240 1455 1
1240 1722 1
1247 88 1
1247 88 1
1247 88 1
1247 88 1
1247 345 1
1247 345 1
1247 429 1
1247 429 1
1247 578 1
1247 612 1
1247 612 1
1247 725 1
1247 725 1
1247 974 1
1247 974 1
1247 1058 1
1247 1597 1
1247 1660 1
1247 1660 1
1247 1724 1
1247 1844 1
1251 116 1
1251 116 1
1253 293 1
1254 1201 1
1255 293 1
1255 293 1
1255 293 1
1255 686 1
1255 1231 1
1255 1644 1
1255 1678 1
1255 1678 1
1255 1678 1
1255 1702 1
1255 1702 1
1255 1899 1
1255 1926 1
1255 2000 1
1257 1064 1
1258 1843 1
1259 179 1
1261 692 1
1261 1138 1
1261 1138 1
1261 1945 1
1262 310 1
1262 597 1
1262 773 1
1262 1271 1
1262 1409 1
1262 1465 1
1262 1650 1
1262 1678 1
1262 1678 1
1262 1761 1
1264 293 1
1264 293 1
1264 293 1
1264 1592 1
1264 1710 1
1267 293 1
1269 59 1
1269 59 1
1269 979 1
1269 979 1
1272 351 1
1272 1201 1
1272 1201 1
1272 1201 1
1272 1602 1
1275 1954 1
1276 1881 1
1281 1385 1
1282 164 1
1283 1201 1
1283 1201 1
1283 1201 1
1283 1201 1
1283 1201 1
1286 147 1
1286 1310 1
1288 1150 1
1288 1150 1
1288 1758 1
1288 1758 1
1290 351 1
1295 179 1
1295 573 1
1296 293 1
1297 293 1
1299 1201 1
1299 1201 1
1299 1201 1
1302 293 1
1303 293 1
1303 1678 1
1305 1839 1
1307 1412 1
1310 1663 1
1312 238 1
1312 1480 1
1316 1192 1
1316 1795 1
1318 1099 1
1318 1178 1
1326 1118 1
1330 1968 1
1331 293 1
1331 777 1
1331 1170 1
1331 1488 1
1331 1650 1
1331 1678 1
1331 1798 1
1334 512 1
1334 643 1
1336 293 1
1336 293 1
1336 322 1
1336 501 1
1336 597 1
1336 1110 1
1338 59 1
1339 17 1
1340 1680 1
1343 912 1
1345 293 1
1345 1888 1
1347 773 1
1347 773 1
1348 46 1
1349 1201 1
1354 940 1
1356 1549 1
1357 179 1
1359 1310 1
1360 293 1
1360 293 1
1360 293 1
1362 1293 1
1363 1843 1
1369 355 1
1369 1423 1
1369 1580 1
1371 196 1
1371 196 1
1371 293 1
1371 293 1
1371 293 1
1371 310 1
1371 773 1
1371 1148 1
1371 1409 1
1371 1678 1
1371 1678 1
1371 1678 1
1371 1678 1
1371 1678 1
1371 1694 1
1371 1926 1
1373 293 1
1374 409 1
1376 247 1
1381 293 1
1382 1293 1
1385 1201 1
1387 196 1
1389 90 1
1389 629 1
1390 375 1
1390 472 1
1392 1843 1
1396 351 1
1396 351 1
1396 351 1
1398 351 1
1399 494 1
1401 1201 1
1407 293 1
1407 754 1
1411 351 1
1412 179 1
1412 912 1
1412 1030 1
1414 1439 1
1414 1439 1
1417 293 1
1420 327 1
1421 275 1
1422 912 1
1424 79 1
1427 46 1
1428 293 1
1429 1095 1
1429 1417 1
1429 1957 1
1435 1772 1
1436 568 1
1436 1549 1
1436 1678 1
1437 1201 1
1438 912 1
1440 1201 1
1441 277 1
1441 610 1
1441 940 1
1441 1439 1
1441 1439 1
1441 1663 1
1445 417 1
1447 293 1
1448 395 1
1450 1507 1
1450 1925 1
1450 1955 1
1455 870 1
1456 183 1
1456 577 1
1456 1573 1
1456 1573 1
1457 33 1
1457 293 1
1457 293 1
1457 1201 1
1457 1201 1
1458 897 1
1461 1881 1
1461 1881 1
1464 293 1
1464 293 1
1464 293 1
1465 1843 1
1466 93 1
1466 430 1
1466 517 1
1466 1067 1
1466 1114 1
1466 1459 1
1466 1780 1
1466 1974 1
1468 1064 1
1471 1423 1
1472 1764 1
1475 392 1
1478 1201 1
1479 1201 1
1480 1201 1
1480 1201 1
1482 17 1
1482 512 1
1482 1779 1
1482 1839 1
1483 591 1
1483 610 1
1483 1423 1
1483 1764 1
1485 1795 1
1488 175 1
1489 1201 1
1493 293 1
1494 1064 1
1496 1271 1
1497 79 1
1497 846 1
1500 573 1
1504 1548 1
1505 1172 1
1506 951 1
1507 610 1
1507 1201 1
1507 1201 1
1507 1201 1
1507 1201 1
1507 1201 1
1507 1201 1
1507 1201 1
1507 1201 1
1507 1201 1
1514 1952 1
1515 293 1
1516 116 1
1516 1439 1
1517 1385 1
1518 351 1
1518 392 1
1522 147 1
1523 1201 1
1523 1201 1
1525 351 1
1525 351 1
1525 351 1
1525 351 1
1525 351 1
1529 912 1
1531 970 1
1532 610 1
1532 1201 1
1533 36 1
1538 610 1
1539 1881 1
1540 940 1
1556 912 1
1557 46 1
1560 1881 1
1561 1201 1
1561 1492 1
1569 1736 1
1576 981 1
1578 179 1
1580 78 1
1580 1201 1
1580 1201 1
1580 1201 1
1581 117 1
1582 48 1
1582 150 1
1582 271 1
1582 327 1
1582 483 1
1582 644 1
1582 719 1
1582 914 1
1582 1190 1
1585 293 1
1585 293 1
1585 846 1
1585 1201 1
1585 1479 1
1585 1479 1
1590 846 1
1591 301 1
1592 293 1
1592 293 1
1592 1601 1
1592 1761 1
1593 179 1
1595 293 1
1595 293 1
1596 17 1
1602 1201 1
1602 1201 1
1602 1201 1
1602 1201 1
1602 1201 1
1603 1201 1
1606 351 1
1608 644 1
1610 1064 1
1612 196 1
1612 196 1
1612 1678 1
1613 1790 1
1614 0 1
1614 116 1
1614 179 1
1614 234 1
1614 433 1
1614 506 1
1614 512 1
1614 535 1
1614 535 1
1614 601 1
1614 685 1
1614 792 1
1614 1152 1
1614 1243 1
1614 1381 1
1614 1721 1
1614 1795 1
1614 1870 1
1614 1873 1
1614 1905 1
1614 1939 1
1616 1201 1
1616 1201 1
1616 1201 1
1616 1201 1
1616 1201 1
1616 1201 1
1616 1201 1
1618 1201 1
1619 870 1
1620 610 1
1621 425 1
1621 1201 1
1621 1201 1
1621 1201 1
1621 1201 1
1621 1201 1
1621 1201 1
1622 386 1
1623 17 1
1624 1821 1
1625 1425 1
1627 1201 1
1627 1201 1
1628 1064 1
1633 680 1
1634 629 1
1634 1422 1
1634 1953 1
1637 912 1
1643 1201 1
1644 293 1
1647 293 1
1648 293 1
1652 179 1
1652 212 1
1652 293 1
1652 332 1
1652 351 1
1652 409 1
1652 456 1
1652 792 1
1652 908 1
1652 912 1
1652 936 1
1652 1344 1
1652 1352 1
1652 1583 1
1652 1627 1
1652 1683 1
1652 1757 1
1652 1795 1
1652 1859 1
1652 1908 1
1657 314 1
1657 1201 1
1658 293 1
1658 293 1
1659 293 1
1663 1425 1
1665 293 1
1665 293 1
1667 351 1
1667 351 1
1667 351 1
1667 1602 1
1670 247 1
1672 1843 1
1675 1678 1
1681 164 1
1684 1201 1
1684 1201 1
1685 1546 1
1686 293 1
1689 644 1
1691 1772 1
1691 1790 1
1692 1550 1
1692 1576 1
1692 1714 1
1695 1201 1
1695 1201 1
1695 1201 1
1695 1201 1
1695 1201 1
1695 1201 1
1695 1201 1
1696 610 1
1696 1201 1
1696 1201 1
1696 1201 1
1696 1492 1
1697 1537 1
1699 425 1
1699 1201 1
1699 1201 1
1699 1201 1
1699 1201 1
1701 1908 1
1703 1423 1
1707 396 1
1707 518 1
1709 1201 1
1710 212 1
1713 293 1
1713 1650 1
1714 1605 1
1716 355 1
1716 355 1
1716 355 1
1718 908 1
1722 1937 1
1724 1201 1
1724 1201 1
1724 1201 1
1724 1201 1
1724 1201 1
1725 769 1
1726 293 1
1728 573 1
1732 1772 1
1735 1881 1
1736 754 1
1738 1107 1
1747 1752 1
1753 912 1
1754 29 1
1754 56 1
1754 179 1
1754 269 1
1754 317 1
1754 603 1
1754 629 1
1754 646 1
1754 719 1
1754 1051 1
1754 1095 1
1754 1398 1
1754 1439 1
1754 1732 1
1754 1885 1
1755 1201 1
1755 1201 1
1755 1201 1
1755 1492 1
1755 1492 1
1757 610 1
1758 1064 1
1760 1064 1
1769 4 1
1770 610 1
1773 351 1
1773 351 1
1773 351 1
1773 351 1
1776 17 1
1776 1839 1
1779 293 1
1781 1757 1
1782 1683 1
1783 85 1
1783 1491 1
1785 1201 1
1785 1201 1
1785 1201 1
1785 1201 1
1785 1201 1
1785 1201 1
1787 136 1
1790 277 1
1794 292 1
1795 179 1
1796 179 1
1796 1683 1
1799 271 1
1800 292 1
1801 908 1
1804 23 1
1804 23 1
1805 392 1
1811 1492 1
1814 293 1
1817 908 1
1821 116 1
1822 179 1
1825 792 1
1826 179 1
1828 1540 1
1834 293 1
1834 1057 1
1835 293 1
1835 293 1
1835 293 1
1835 293 1
1835 293 1
1836 1201 1
1836 1201 1
1836 1201 1
1839 1782 1
1840 491 1
1840 1310 1
1840 1757 1
1841 1201 1
1843 253 1
1845 293 1
1846 1481 1
1848 716 1
1851 1683 1
1855 1537 1
1856 1201 1
1856 1201 1
1856 1201 1
1856 1201 1
1856 1201 1
1856 1201 1
1858 729 1
1859 327 1
1861 116 1
1862 204 1
1862 204 1
1862 293 1
1862 293 1
1862 293 1
1862 293 1
1862 293 1
1862 293 1
1862 310 1
1862 1110 1
1862 1549 1
1862 1601 1
1862 1890 1
1862 2000 1
1863 165 1
1866 179 1
1866 691 1
1866 691 1
1867 116 1
1871 179 1
1874 1678 1
1877 204 1
1877 204 1
1877 293 1
1877 293 1
1877 293 1
1877 293 1
1877 460 1
1877 619 1
1877 637 1
1877 773 1
1877 1110 1
1877 1110 1
1877 1148 1
1877 1271 1
1877 1432 1
1877 1650 1
1877 1650 1
1877 1678 1
1877 1773 1
1884 1678 1
1886 375 1
1887 494 1
1888 122 1
1888 293 1
1888 1890 1
1891 116 1
1892 166 1
1893 621 1
1895 183 1
1897 179 1
1898 1678 1
1899 912 1
1903 88 1
1903 249 1
1903 251 1
1903 293 1
1903 293 1
1903 303 1
1903 375 1
1903 409 1
1903 409 1
1903 415 1
1903 679 1
1903 706 1
1903 706 1
1903 729 1
1903 804 1
1903 810 1
1903 902 1
1903 908 1
1903 979 1
1903 1145 1
1903 1167 1
1903 1371 1
1903 1507 1
1903 1562 1
1903 1597 1
1903 1683 1
1903 1704 1
1903 1707 1
1903 1722 1
1903 1772 1
1903 1775 1
1903 1813 1
1903 1990 1
1907 332 1
1911 1457 1
1911 1546 1
1913 1627 1
1915 610 1
1918 293 1
1921 1201 1
1921 1201 1
1921 1779 1
1922 25 1
1924 293 1
1931 501 1
1938 573 1
1939 800 1
1940 573 1
1942 23 1
1942 77 1
1942 1370 1
1942 1589 1
1942 1675 1
1942 1680 1
1942 1722 1
1944 729 1
1947 79 1
1947 169 1
1947 169 1
1947 846 1
1947 890 1
1950 493 1
1951 452 1
1951 545 1
1951 545 1
1951 618 1
1951 618 1
1951 618 1
1952 348 1
1952 1459 1
1952 1950 1
1953 1381 1
1956 573 1
1957 1201 1
1960 1064 1
1963 293 1
1963 293 1
1963 293 1
1963 293 1
1963 2000 1
1964 680 1
1968 1201 1
1972 1549 1
1975 912 1
1976 293 1
1977 351 1
1978 1821 1
1980 215 1
1980 736 1
1980 1563 1
1980 1756 1
1982 591 1
1986 311 1
1986 1554 1
1988 1683 1
1990 1757 1
1992 293 1
1995 79 1
1999 912 1
2001 293 1
2002 409 1
2003 351 1
2003 351 1
2003 351 1
2004 884 1
2005 512 1
2009 293 1
2009 1266 1
2009 1266 1
2011 1843 1
2017 785 1
2018 720 1
2019 293 1
2019 1627 1
2019 1757 1
2022 1201 1
2024 1201 1
2024 1201 1
2024 1201 1
2024 1201 1
2024 1201 1
2026 78 1
2028 1201 1
2028 1201 1
2028 1201 1
2029 327 1
2029 1423 1
2030 351 1
2031 179 1
2034 292 1
2035 1722 1
2040 392 1
2042 472 1
2045 940 1
2045 1201 1
2045 1201 1
2045 1201 1
2045 1201 1
2045 1201 1
2046 1201 1
2050 166 1
2051 747 1
2052 826 1
2052 1758 1
2053 47 1
2053 268 1
2053 268 1
2053 293 1
2053 293 1
2053 293 1
2053 293 1
2053 293 1
2053 293 1
2053 293 1
2053 293 1
2053 569 1
2053 628 1
2053 742 1
2053 742 1
2053 777 1
2053 1099 1
2053 1178 1
2053 1231 1
2053 1601 1
2053 1782 1
2053 1858 1
2061 332 1
2063 610 1
2063 1201 1
2063 1201 1
2063 1201 1
2063 1201 1
2063 1246 1
2064 729 1
2066 591 1
2070 1201 1
2071 85 1
2071 293 1
2071 293 1
2071 293 1
2071 293 1
2071 293 1
2071 717 1
2071 1567 1
2071 1678 1
2071 1858 1
2071 1933 1
2074 890 1
2074 908 1
2080 1301 1
2080 1486 1
2082 1201 1
2082 1201 1
2082 1201 1
2085 17 1
2088 59 1
2088 79 1
2088 1385 1
2091 351 1
2093 351 1
2093 351 1
2093 351 1
2093 351 1
2093 351 1
2094 332 1
2095 493 1
2096 392 1
2102 610 1
2102 610 1
2102 1201 1
2103 293 1
2103 293 1
2103 293 1
2103 293 1
2108 1385 1
2110 392 1
2110 644 1
2112 556 1
2112 1201 1
2112 1201 1
2112 1201 1
2112 1201 1
2112 1201 1
2114 1862 1
2119 1064 1
2121 327 1
2124 215 1
2124 450 1
2124 1756 1
2124 1772 1
2125 628 1
2126 1908 1
2132 116 1
2132 415 1
2133 1908 1
2135 1201 1
2136 46 1
2137 409 1
2139 327 1
2142 164 1
2143 293 1
2143 1888 1
2146 908 1
2151 1761 1
2153 351 1
2154 271 1
2155 332 1
2159 1201 1
2159 1492 1
2160 332 1
2161 491 1
2161 1044 1
2161 1044 1
2161 1887 1
2163 1201 1
2163 1201 1
2166 1821 1
2166 1821 1
2167 1201 1
2168 1605 1
2169 1201 1
2172 351 1
2172 351 1
2172 351 1
2172 351 1
2172 351 1
2175 351 1
2175 351 1
2175 351 1
2176 1043 1
2176 1201 1
2176 1201 1
2176 1201 1
2176 1201 1
2180 940 1
2180 940 1
2181 610 1
2181 1201 1
2181 1201 1
2181 1201 1
2181 1201 1
2181 1201 1
2181 1492 1
2185 1975 1
2189 293 1
2190 1683 1
2195 293 1
2198 1201 1
2198 1201 1
2198 1201 1
2198 1201 1
2199 1605 1
2205 1423 1
2206 846 1
2207 245 1
2207 282 1
2207 893 1
2207 1215 1
2207 1321 1
2207 1403 1
2207 1548 1
2207 1611 1
2207 1611 1
2207 1611 1
2207 1663 1
2207 1663 1
2207 1790 1
2211 351 1
2211 429 1
2212 46 1
2213 1680 1
2217 911 1
2220 1201 1
2220 1201 1
2220 1246 1
2222 1180 1
2223 212 1
2224 1201 1
2227 1128 1
2228 1201 1
2228 1201 1
2228 1246 1
2228 1492 1
2229 1201 1
2231 729 1
2232 1548 1
2238 591 1
2238 591 1
2244 1695 1
2245 1887 1
2246 908 1
2249 0 1
2249 282 1
2249 422 1
2249 638 1
2249 660 1
2249 947 1
2249 1268 1
2249 1481 1
2249 1548 1
2249 1678 1
2249 1751 1
2249 1990 1
2253 1663 1
2254 1381 1
2256 970 1
2261 1192 1
2264 1455 1
2265 1790 1
2267 351 1
2267 351 1
2267 351 1
2267 351 1
2270 164 1
2273 291 1
2273 367 1
2274 1201 1
2281 729 1
2290 293 1
2290 594 1
2290 1016 1
2290 1465 1
2290 1601 1
2290 1678 1
2290 1678 1
2290 1858 1
2290 1933 1
2295 351 1
2295 351 1
2295 351 1
2295 351 1
2297 729 1
2298 1201 1
2298 1201 1
2299 116 1
2301 729 1
2302 116 1
2303 610 1
2305 17 1
2305 17 1
2307 1201 1
2307 1201 1
2309 1201 1
2309 1201 1
2312 293 1
2316 392 1
2322 556 1
2322 1201 1
2322 1201 1
2322 1201 1
2322 1201 1
2323 363 1
2324 355 1
2326 93 1
2326 227 1
2326 517 1
2326 1119 1
2327 561 1
2327 1885 1
2329 1821 1
2331 1201 1
2331 1201 1
2333 1843 1
2334 88 1
2334 92 1
2334 110 1
2334 150 1
2334 293 1
2334 293 1
2334 303 1
2334 308 1
2334 351 1
2334 662 1
2334 665 1
2334 835 1
2334 945 1
2334 979 1
2334 979 1
2334 1008 1
2334 1073 1
2334 1117 1
2334 1127 1
2334 1128 1
2334 1190 1
2334 1323 1
2334 1381 1
2334 1443 1
2334 1610 1
2334 1682 1
2334 1831 1
2334 1881 1
2334 1972 1
2335 521 1
2335 638 1
2336 1107 1
2337 409 1
2344 179 1
2345 1201 1
2345 1201 1
2345 1201 1
2346 1939 1
2347 0 1
2347 21 1
2347 28 1
2347 43 1
2347 46 1
2347 56 1
2347 59 1
2347 90 1
2347 100 1
2347 123 1
2347 136 1
2347 139 1
2347 139 1
2347 155 1
2347 179 1
2347 179 1
2347 179 1
2347 179 1
2347 179 1
2347 179 1
2347 194 1
2347 195 1
2347 196 1
2347 218 1
2347 227 1
2347 236 1
2347 237 1
2347 240 1
2347 251 1
2347 255 1
2347 271 1
2347 293 1
2347 293 1
2347 303 1
2347 303 1
2347 303 1
2347 307 1
2347 309 1
2347 332 1
2347 348 1
2347 351 1
2347 351 1
2347 351 1
2347 351 1
2347 386 1
2347 409 1
2347 409 1
2347 409 1
2347 409 1
2347 417 1
2347 423 1
2347 446 1
2347 450 1
2347 450 1
2347 461 1
2347 462 1
2347 489 1
2347 493 1
2347 495 1
2347 495 1
2347 509 1
2347 518 1
2347 535 1
2347 535 1
2347 546 1
2347 549 1
2347 562 1
2347 588 1
2347 610 1
2347 618 1
2347 618 1
2347 623 1
2347 623 1
2347 628 1
2347 640 1
2347 640 1
2347 664 1
2347 668 1
2347 694 1
2347 708 1
2347 711 1
2347 720 1
2347 741 1
2347 752 1
2347 755 1
2347 779 1
2347 782 1
2347 783 1
2347 796 1
2347 817 1
2347 825 1
2347 827 1
2347 839 1
2347 867 1
2347 868 1
2347 886 1
2347 904 1
2347 912 1
2347 914 1
2347 926 1
2347 932 1
2347 950 1
2347 950 1
2347 955 1
2347 979 1
2347 996 1
2347 998 1
2347 1010 1
2347 1017 1
2347 1034 1
2347 1038 1
2347 1049 1
2347 1064 1
2347 1064 1
2347 1067 1
2347 1080 1
2347 1081 1
2347 1082 1
2347 1082 1
2347 1107 1
2347 1123 1
2347 1128 1
2347 1145 1
2347 1147 1
2347 1172 1
2347 1182 1
2347 1182 1
2347 1182 1
2347 1182 1
2347 1182 1
2347 1190 1
2347 1195 1
2347 1197 1
2347 1220 1
2347 1225 1
2347 1229 1
2347 1256 1
2347 1268 1
2347 1296 1
2347 1310 1
2347 1312 1
2347 1317 1
2347 1328 1
2347 1352 1
2347 1352 1
2347 1384 1
2347 1390 1
2347 1392 1
2347 1395 1
2347 1406 1
2347 1412 1
2347 1426 1
2347 1429 1
2347 1460 1
2347 1481 1
2347 1481 1
2347 1491 1
2347 1501 1
2347 1501 1
2347 1502 1
2347 1502 1
2347 1504 1
2347 1507 1
2347 1511 1
2347 1515 1
2347 1529 1
2347 1534 1
2347 1550 1
2347 1553 1
2347 1555 1
2347 1562 1
2347 1578 1
2347 1590 1
2347 1609 1
2347 1627 1
2347 1627 1
2347 1635 1
2347 1678 1
2347 1701 1
2347 1704 1
2347 1744 1
2347 1768 1
2347 1785 1
2347 1795 1
2347 1796 1
2347 1820 1
2347 1821 1
2347 1821 1
2347 1821 1
2347 1843 1
2347 1851 1
2347 1852 1
2347 1868 1
2347 1873 1
2347 1878 1
2347 1879 1
2347 1887 1
2347 1887 1
2347 1887 1
2347 1887 1
2347 1887 1
2347 1898 1
2347 1910 1
2347 1939 1
2347 1945 1
2347 1946 1
2347 1950 1
2347 1954 1
2350 1862 1
2354 1558 1
2355 293 1
2358 293 1
2360 1721 1
2361 1201 1
2361 1201 1
2361 1201 1
2361 1201 1
2363 1064 1
2367 1436 1
2368 591 1
2368 1414 1
2368 1414 1
2368 1423 1
2368 1423 1
2368 1423 1
2373 940 1
2373 1201 1
2374 1819 1
2375 1821 1
2378 979 1
2382 179 1
2384 1481 1
2385 79 1
2390 179 1
2392 556 1
2394 1201 1
2395 1201 1
2395 1201 1
2396 1201 1
2399 271 1
2399 271 1
2401 1881 1
2403 729 1
2405 46 1
2406 1492 1
2407 940 1
2407 1201 1
2407 1201 1
2407 1201 1
2407 1201 1
2407 1201 1
2407 1201 1
2410 79 1
2410 846 1
2410 940 1
2411 800 1
2414 1107 1
2415 1492 1
2417 332 1
2419 79 1
2419 1321 1
2420 1790 1
2421 98 1
2421 293 1
2421 293 1
2421 293 1
2421 293 1
2421 293 1
2421 293 1
2421 293 1
2421 310 1
2421 322 1
2421 478 1
2421 597 1
2421 742 1
2421 742 1
2421 773 1
2421 773 1
2421 981 1
2421 1110 1
2421 1271 1
2421 1506 1
2421 1644 1
2421 1678 1
2421 1678 1
2421 1694 1
2421 1761 1
2421 1782 1
2421 1899 1
2422 1608 1
2424 293 1
2431 169 1
2431 1608 1
2433 1175 1
2435 6 1
2435 13 1
2435 17 1
2435 23 1
2435 62 1
2435 64 1
2435 85 1
2435 116 1
2435 116 1
2435 116 1
2435 121 1
2435 126 1
2435 129 1
2435 160 1
2435 164 1
2435 167 1
2435 169 1
2435 169 1
2435 179 1
2435 179 1
2435 179 1
2435 181 1
2435 193 1
2435 210 1
2435 211 1
2435 212 1
2435 228 1
2435 230 1
2435 233 1
2435 252 1
2435 252 1
2435 266 1
2435 275 1
2435 277 1
2435 289 1
2435 289 1
2435 291 1
2435 293 1
2435 293 1
2435 293 1
2435 293 1
2435 293 1
2435 293 1
2435 293 1
2435 295 1
2435 299 1
2435 305 1
2435 311 1
2435 317 1
2435 327 1
2435 332 1
2435 343 1
2435 344 1
2435 351 1
2435 351 1
2435 351 1
2435 351 1
2435 361 1
2435 371 1
2435 372 1
2435 374 1
2435 383 1
2435 384 1
2435 390 1
2435 397 1
2435 403 1
2435 409 1
2435 409 1
2435 409 1
2435 416 1
2435 417 1
2435 432 1
2435 432 1
2435 448 1
2435 450 1
2435 450 1
2435 463 1
2435 463 1
2435 465 1
2435 469 1
2435 481 1
2435 497 1
2435 535 1
2435 545 1
2435 568 1
2435 573 1
2435 575 1
2435 591 1
2435 598 1
2435 610 1
2435 612 1
2435 621 1
2435 629 1
2435 633 1
2435 633 1
2435 644 1
2435 650 1
2435 663 1
2435 686 1
2435 691 1
2435 691 1
2435 691 1
2435 691 1
2435 691 1
2435 697 1
2435 701 1
2435 724 1
2435 729 1
2435 729 1
2435 766 1
2435 804 1
2435 807 1
2435 816 1
2435 821 1
2435 822 1
2435 839 1
2435 869 1
2435 870 1
2435 881 1
2435 904 1
2435 908 1
2435 908 1
2435 912 1
2435 921 1
2435 947 1
2435 957 1
2435 970 1
2435 970 1
2435 977 1
2435 979 1
2435 979 1
2435 979 1
2435 979 1
2435 984 1
2435 989 1
2435 990 1
2435 1010 1
2435 1012 1
2435 1023 1
2435 1025 1
2435 1052 1
2435 1064 1
2435 1077 1
2435 1087 1
2435 1088 1
2435 1092 1
2435 1095 1
2435 1105 1
2435 1110 1
2435 1118 1
2435 1127 1
2435 1128 1
2435 1141 1
2435 1150 1
2435 1151 1
2435 1164 1
2435 1168 1
2435 1177 1
2435 1178 1
2435 1182 1
2435 1182 1
2435 1182 1
2435 1188 1
2435 1199 1
2435 1211 1
2435 1231 1
2435 1239 1
2435 1248 1
2435 1252 1
2435 1255 1
2435 1259 1
2435 1265 1
2435 1267 1
2435 1271 1
2435 1276 1
2435 1289 1
2435 1293 1
2435 1304 1
2435 1309 1
2435 1316 1
2435 1331 1
2435 1334 1
2435 1335 1
2435 1341 1
2435 1370 1
2435 1374 1
2435 1374 1
2435 1385 1
2435 1398 1
2435 1398 1
2435 1403 1
2435 1423 1
2435 1423 1
2435 1427 1
2435 1434 1
2435 1435 1
2435 1451 1
2435 1459 1
2435 1464 1
2435 1474 1
2435 1476 1
2435 1481 1
2435 1481 1
2435 1507 1
2435 1507 1
2435 1541 1
2435 1546 1
2435 1550 1
2435 1565 1
2435 1566 1
2435 1571 1
2435 1576 1
2435 1583 1
2435 1584 1
2435 1588 1
2435 1600 1
2435 1608 1
2435 1608 1
2435 1619 1
2435 1642 1
2435 1676 1
2435 1676 1
2435 1676 1
2435 1678 1
2435 1678 1
2435 1680 1
2435 1686 1
2435 1692 1
2435 1692 1
2435 1709 1
2435 1721 1
2435 1722 1
2435 1724 1
2435 1724 1
2435 1726 1
2435 1732 1
2435 1735 1
2435 1745 1
2435 1749 1
2435 1752 1
2435 1758 1
2435 1772 1
2435 1775 1
2435 1795 1
2435 1795 1
2435 1834 1
2435 1843 1
2435 1847 1
2435 1862 1
2435 1871 1
2435 1871 1
2435 1881 1
2435 1887 1
2435 1887 1
2435 1888 1
2435 1939 1
2435 1942 1
2435 1946 1
2435 1974 1
2435 1976 1
2435 1985 1
2435 1990 1
2435 1990 1
2435 1997 1
2439 1772 1
2441 293 1
2442 425 1
2442 1201 1
2442 1201 1
2442 1439 1
2443 315 1
2443 1029 1
2443 1182 1
2443 1182 1
2443 1182 1
2443 1190 1
2443 1296 1
2443 1341 1
2443 1532 1
2443 1597 1
2443 1638 1
2443 1676 1
2443 1887 1
2445 179 1
2447 293 1
2448 1843 1
2451 610 1
2452 742 1
2452 1099 1
2453 351 1
2453 351 1
2453 351 1
2453 1602 1
2457 1201 1
2457 1201 1
2461 819 1
2462 846 1
2463 179 1
2463 179 1
2463 422 1
2463 422 1
2463 1289 1
2463 1358 1
2467 1663 1
2476 293 1
2477 179 1
2480 79 1
2481 169 1
2482 680 1
2482 1554 1
2483 1247 1
2483 1247 1
2485 204 1
2485 619 1
2485 1492 1
2485 1602 1
2489 114 1
2489 126 1
2489 162 1
2489 293 1
2489 293 1
2489 293 1
2489 380 1
2489 497 1
2489 561 1
2489 1013 1
2489 1031 1
2489 1036 1
2489 1087 1
2489 1087 1
2489 1138 1
2489 1182 1
2489 1222 1
2489 1244 1
2489 1251 1
2489 1491 1
2489 1650 1
2489 1680 1
2489 1945 1
2489 1977 1
2491 293 1
2491 293 1
2492 1019 1
2494 17 1
2494 164 1
2494 908 1
2499 1680 1
2503 169 1
2506 1537 1
2508 1457 1
2513 1772 1
2517 438 1
2517 438 1
2518 179 1
2528 846 1
2529 1439 1
2530 293 1
2530 293 1
2532 1790 1
2535 293 1
2537 1757 1
2538 512 1
2539 610 1
2540 1843 1
2541 1678 1
2542 1201 1
2545 58 1
2545 293 1
2545 293 1
2545 293 1
2545 293 1
2545 293 1
2545 293 1
2545 293 1
2545 293 1
2545 717 1
2545 916 1
2545 1110 1
2545 1601 1
2545 1678 1
2545 1710 1
2545 1896 1
2548 293 1
2550 940 1
2553 1115 1
2554 940 1
2554 1201 1
2554 1492 1
2556 17 1
2558 967 1
2559 79 1
2562 282 1
2565 940 1
2565 1201 1
2565 1492 1
2569 1782 1
2571 1064 1
2572 351 1
2572 351 1
2574 293 1
2574 971 1
2574 1439 1
2576 908 1
2577 293 1
2577 293 1
2577 1030 1
2581 293 1
2581 293 1
2581 1888 1
2583 573 1
2584 1201 1
2584 1201 1
2584 1201 1
2584 1246 1
2585 1761 1
2588 429 1
2590 610 1
2591 494 1
2594 644 1
2595 472 1
2596 1439 1
2598 1201 1
2600 1496 1
2601 612 1
2601 612 1
2601 928 1
2601 1862 1
2606 212 1
2607 647 1
2607 650 1
2607 1488 1
2612 293 1
2612 293 1
2612 293 1
2612 293 1
2612 637 1
2612 754 1
2612 1409 1
2612 1465 1
2612 1650 1
2612 1678 1
2612 1678 1
2612 1710 1
2613 1201 1
2613 1201 1
2613 1201 1
2615 912 1
2616 1201 1
2617 1095 1
2620 293 1
2620 1266 1
2621 729 1
2624 729 1
2625 79 1
2627 643 1
2628 46 1
2629 46 1
2630 293 1
2631 332 1
2632 46 1
2632 46 1
2633 1201 1
2634 327 1
2636 630 1
2639 1439 1
2641 1969 1
2643 179 1
2645 1201 1
2645 1201 1
2645 1201 1
2645 1201 1
2645 1492 1
2647 1074 1
2650 351 1
2651 79 1
2653 1201 1
2654 206 1
2654 662 1
2654 1173 1
2654 1479 1
2654 1479 1
2654 1554 1
2654 1881 1
2654 1883 1
2655 59 1
2660 355 1
2668 1247 1
2671 556 1
2671 1201 1
2673 1605 1
2680 179 1
2681 332 1
2681 591 1
2681 726 1
2681 781 1
2681 819 1
2681 1051 1
2681 1080 1
2681 1533 1
2681 1721 1
2681 1924 1
2684 1266 1
2685 1663 1
2686 293 1
2688 908 1
2689 1856 1
2690 716 1
2692 392 1
2697 1772 1
2698 1680 1
2699 170 1
2699 248 1
2699 551 1
2699 591 1
2699 643 1
2699 792 1
2699 923 1
2699 1043 1
2700 212 1
2701 1201 1
2701 1201 1
2701 1201 1
2701 1201 1
2701 1201 1
2701 1492 1
2704 627 1
2704 1064 1
2704 1064 1
2704 1064 1
2704 1064 1
2706 293 1
2707 93 1
2707 240 1
2707 348 1
2707 430 1
2707 629 1
2707 638 1
2707 870 1
2707 1114 1
2707 1321 1
2707 1510 1
2707 1780 1
2707 1860 1
2708 1843 1
2710 117 1
2711 351 1
2713 212 1
2716 1423 1
2718 573 1
2719 351 1
2719 351 1
2719 351 1
2722 1201 1
2723 512 1
0 667 0
1 53 0
1 875 0
2 148 0
2 1414 0
4 1808 0
5 64 0
6 1516 0
11 1028 0
13 237 0
15 82 0
17 794 0
18 1319 0
19 572 0
19 1648 0
19 1915 0
19 1941 0
20 1725 0
21 1513 0
22 696 0
24 203 0
24 1084 0
24 1230 0
24 1538 0
25 105 0
25 257 0
25 924 0
25 1280 0
25 1579 0
28 4 0
28 551 0
28 1777 0
29 1362 0
29 1569 0
29 1760 0
30 202 0
31 1637 0
32 391 0
32 999 0
35 208 0
35 263 0
36 980 0
39 173 0
39 935 0
39 1147 0
39 1154 0
39 1283 0
39 1485 0
39 1519 0
41 119 0
42 1003 0
49 346 0
49 354 0
49 577 0
49 682 0
49 940 0
49 1210 0
49 1241 0
49 1470 0
49 1526 0
51 1359 0
52 756 0
55 690 0
56 1286 0
57 508 0
58 526 0
58 1226 0
59 434 0
59 1418 0
60 338 0
61 658 0
62 671 0
62 959 0
63 229 0
64 967 0
67 415 0
67 967 0
67 1488 0
67 1789 0
68 484 0
70 225 0
70 369 0
70 438 0
70 475 0
70 730 0
70 906 0
70 1150 0
70 1542 0
73 1370 0
75 1014 0
78 1580 0
79 602 0
80 387 0
81 1221 0
82 683 0
83 24 0
83 702 0
83 748 0
83 1126 0
83 1322 0
83 1632 0
83 1864 0
84 493 0
84 830 0
84 1505 0
84 1681 0
85 435 0
85 632 0
85 1455 0
85 1860 0
87 1159 0
87 1956 0
90 558 0
94 865 0
94 1624 0
94 1730 0
95 760 0
95 988 0
95 1763 0
96 1657 0
98 758 0
101 1300 0
103 700 0
106 251 0
106 272 0
106 304 0
106 1217 0
107 699 0
108 40 0
110 1561 0
110 1614 0
113 1346 0
114 61 0
114 883 0
114 1777 0
115 401 0
115 730 0
115 1936 0
115 1968 0
119 771 0
119 994 0
122 492 0
124 1477 0
125 313 0
125 1120 0
125 1413 0
126 1375 0
128 321 0
128 464 0
128 1488 0
130 712 0
131 1013 0
132 471 0
133 1065 0
135 845 0
138 328 0
138 771 0
138 969 0
138 1687 0
138 1789 0
138 1875 0
139 1580 0
140 13 0
141 1909 0
142 124 0
143 536 0
145 1219 0
146 44 0
149 391 0
152 716 0
153 99 0
154 1355 0
156 484 0
157 51 0
157 192 0
158 1560 0
160 252 0
160 556 0
160 1399 0
160 1496 0
160 1669 0
163 1788 0
165 312 0
166 1111 0
168 345 0
169 1780 0
173 1897 0
174 306 0
174 445 0
174 470 0
174 471 0
174 501 0
174 676 0
174 740 0
174 768 0
174 953 0
174 1315 0
174 1399 0
174 1530 0
176 178 0
176 1652 0
179 1067 0
180 83 0
180 1423 0
182 1495 0
185 1300 0
185 1653 0
190 1159 0
191 209 0
191 454 0
195 177 0
195 494 0
195 1361 0
195 1468 0
195 1510 0
195 1696 0
196 681 0
196 880 0
196 1983 0
197 967 0
198 354 0
198 1913 0
199 1918 0
200 1174 0
201 1221 0
202 165 0
202 1107 0
204 473 0
204 797 0
205 288 0
207 669 0
208 843 0
209 786 0
212 1378 0
213 368 0
215 1930 0
215 1996 0
216 1581 0
217 874 0
218 1914 0
220 503 0
220 1009 0
220 1306 0
220 1921 0
221 242 0
223 1736 0
224 1838 0
225 45 0
229 1378 0
230 1373 0
232 177 0
237 2 0
237 152 0
237 239 0
237 599 0
237 761 0
237 953 0
237 980 0
237 1167 0
237 1184 0
238 1066 0
240 244 0
240 671 0
241 1349 0
242 251 0
242 354 0
242 1041 0
242 1063 0
243 279 0
243 487 0
244 862 0
246 481 0
250 252 0
250 644 0
250 888 0
250 988 0
250 1005 0
251 265 0
251 1739 0
251 1753 0
252 555 0
254 1763 0
254 1964 0
255 12 0
257 246 0
257 712 0
257 1814 0
261 768 0
261 1759 0
261 1860 0
264 247 0
264 376 0
264 965 0
265 1241 0
265 1383 0
265 1601 0
267 635 0
271 1723 0
272 326 0
272 1227 0
272 1637 0
272 1757 0
272 1805 0
273 925 0
273 1005 0
273 1264 0
273 1581 0
274 870 0
275 604 0
279 997 0
280 83 0
280 320 0
280 859 0
281 227 0
282 16 0
282 1570 0
282 1934 0
284 1285 0
287 967 0
288 242 0
290 850 0
291 176 0
291 730 0
291 799 0
291 959 0
291 1298 0
291 1400 0
291 1459 0
291 1505 0
293 20 0
293 1441 0
294 508 0
294 615 0
294 1389 0
295 619 0
295 676 0
297 260 0
297 579 0
297 1113 0
298 1594 0
299 1975 0
301 321 0
302 928 0
304 447 0
304 1693 0
307 1086 0
307 1973 0
308 1882 0
309 38 0
310 1901 0
312 231 0
312 1867 0
313 485 0
315 1287 0
316 1086 0
316 1133 0
317 199 0
317 246 0
320 814 0
320 1674 0
323 1404 0
323 1802 0
325 108 0
326 1176 0
326 1986 0
327 1253 0
329 38 0
331 1100 0
331 1228 0
332 36 0
333 1530 0
335 801 0
336 97 0
337 1579 0
338 960 0
339 855 0
340 1351 0
341 26 0
341 772 0
341 1368 0
342 67 0
342 873 0
342 1249 0
342 1340 0
342 1418 0
342 1537 0
344 258 0
345 582 0
345 851 0
345 1002 0
345 1117 0
346 161 0
346 901 0
346 1172 0
346 1731 0
346 1738 0
346 1781 0
346 1858 0
348 1530 0
348 1755 0
349 624 0
353 1150 0
353 1788 0
355 447 0
355 1472 0
356 1378 0
356 1807 0
357 39 0
357 151 0
357 163 0
357 648 0
357 865 0
357 1128 0
357 1165 0
357 1780 0
359 1043 0
360 362 0
361 15 0
366 525 0
368 898 0
368 1299 0
369 272 0
369 1830 0
370 1319 0
371 1428 0
372 164 0
372 316 0
372 526 0
372 1845 0
372 1980 0
373 180 0
376 1634 0
376 1684 0
377 89 0
377 323 0
377 537 0
377 582 0
377 847 0
377 973 0
377 1928 0
378 865 0
378 981 0
380 730 0
380 1492 0
384 1247 0
386 845 0
386 1984 0
387 281 0
388 1068 0
391 1467 0
392 790 0
393 899 0
395 484 0
396 707 0
397 1142 0
399 1234 0
400 154 0
402 77 0
402 982 0
403 273 0
404 629 0
406 1608 0
407 514 0
409 606 0
409 797 0
409 983 0
409 1373 0
409 1379 0
410 634 0
411 1969 0
412 1111 0
412 1229 0
412 1598 0
415 421 0
416 26 0
416 208 0
416 1789 0
418 1803 0
420 81 0
421 434 0
421 615 0
422 566 0
422 1661 0
424 1798 0
425 1424 0
426 638 0
426 1146 0
426 1221 0
426 1892 0
428 380 0
429 1156 0
429 1931 0
430 475 0
431 328 0
431 662 0
431 1581 0
432 424 0
432 698 0
432 710 0
433 149 0
433 1313 0
434 744 0
435 174 0
435 746 0
435 1468 0
436 812 0
437 146 0
438 1155 0
439 885 0
439 993 0
439 1247 0
439 1708 0
439 1941 0
440 360 0
440 738 0
441 1970 0
443 143 0
443 1872 0
446 1596 0
447 348 0
447 1357 0
448 81 0
448 1241 0
448 1922 0
448 1986 0
449 1723 0
449 1804 0
456 406 0
458 240 0
458 1113 0
458 1664 0
460 430 0
460 659 0
460 1765 0
460 1767 0
463 1231 0
463 1428 0
465 1111 0
466 1117 0
468 82 0
470 789 0
471 122 0
471 907 0
472 226 0
472 586 0
472 935 0
476 12 0
476 359 0
477 948 0
477 1492 0
479 1220 0
480 12 0
480 120 0
481 1063 0
482 758 0
482 1060 0
482 1198 0
482 1921 0
482 1937 0
482 1940 0
485 75 0
485 151 0
485 1333 0
486 1608 0
487 1334 0
489 254 0
491 223 0
491 1634 0
493 953 0
494 203 0
494 999 0
494 1863 0
495 1970 0
496 1380 0
497 225 0
497 586 0
497 834 0
499 790 0
504 1817 0
505 560 0
505 670 0
505 703 0
505 730 0
505 805 0
505 1139 0
505 1387 0
505 1643 0
505 1837 0
505 1895 0
510 484 0
511 529 0
511 1302 0
512 929 0
512 1213 0
512 1737 0
513 109 0
513 328 0
513 1348 0
513 1646 0
513 1677 0
515 83 0
516 727 0
519 5 0
519 1964 0
520 32 0
520 656 0
520 660 0
520 1174 0
520 1292 0
521 738 0
522 271 0
524 11 0
524 1875 0
525 482 0
525 485 0
525 789 0
525 855 0
525 1173 0
526 142 0
528 1793 0
529 55 0
529 1146 0
529 1202 0
529 1241 0
529 1657 0
533 1936 0
534 832 0
535 1465 0
535 1628 0
536 1479 0
536 1671 0
537 1755 0
539 188 0
539 1482 0
539 1962 0
542 202 0
543 1444 0
544 11 0
544 278 0
544 830 0
544 1850 0
546 1505 0
547 1193 0
547 1284 0
550 325 0
550 1396 0
551 5 0
551 1700 0
553 1788 0
554 1247 0
554 1729 0
557 1970 0
559 277 0
565 323 0
565 809 0
565 1167 0
565 1228 0
565 1280 0
565 1964 0
566 208 0
566 712 0
566 928 0
568 902 0
570 608 0
570 704 0
571 1400 0
573 474 0
575 659 0
575 1601 0
575 1853 0
576 1946 0
578 1715 0
579 1257 0
580 225 0
581 1299 0
581 1587 0
582 1274 0
583 1330 0
586 167 0
586 177 0
586 1720 0
587 1054 0
588 542 0
589 404 0
589 846 0
589 885 0
589 999 0
589 1797 0
591 1200 0
591 1861 0
591 1909 0
593 281 0
594 1277 0
595 408 0
595 774 0
595 1697 0
595 1736 0
595 1932 0
597 584 0
598 178 0
600 1140 0
601 1208 0
601 1750 0
602 653 0
604 1989 0
607 1761 0
608 376 0
610 1249 0
610 1295 0
613 911 0
615 1664 0
616 1348 0
617 12 0
620 1861 0
622 1342 0
622 1677 0
625 1815 0
626 1005 0
628 632 0
628 688 0
628 695 0
628 1338 0
630 1140 0
631 290 0
634 473 0
636 252 0
636 1397 0
636 1737 0
636 1788 0
641 1811 0
642 342 0
642 501 0
643 978 0
643 1626 0
643 1653 0
644 1229 0
645 1771 0
646 747 0
646 1543 0
646 1612 0
647 1050 0
649 604 0
651 50 0
651 226 0
651 652 0
651 680 0
651 965 0
651 1007 0
651 1079 0
651 1235 0
651 1991 0
654 246 0
654 531 0
654 743 0
656 451 0
656 887 0
656 1945 0
657 11 0
657 113 0
657 941 0
658 1412 0
660 232 0
662 302 0
663 105 0
665 328 0
665 770 0
665 848 0
665 1326 0
665 1393 0
666 415 0
666 1233 0
668 12 0
668 143 0
668 514 0
668 615 0
668 760 0
668 875 0
669 301 0
674 753 0
674 1999 0
675 426 0
675 894 0
675 968 0
675 1229 0
675 1797 0
679 338 0
682 437 0
682 1042 0
683 475 0
683 565 0
683 1002 0
683 1019 0
683 1090 0
684 484 0
686 673 0
686 1797 0
688 811 0
689 525 0
689 1202 0
690 516 0
690 738 0
690 1998 0
691 12 0
691 1202 0
694 279 0
699 1340 0
700 537 0
700 1184 0
700 1223 0
702 12 0
703 13 0
705 196 0
705 366 0
705 1648 0
706 96 0
706 1274 0
707 512 0
707 1495 0
707 1681 0
707 1894 0
708 186 0
710 1439 0
711 906 0
711 1208 0
711 1771 0
711 1901 0
711 1974 0
712 1738 0
714 1728 0
715 44 0
717 227 0
717 602 0
717 1163 0
717 1260 0
721 962 0
721 1230 0
721 1701 0
722 1578 0
722 1611 0
725 1782 0
726 530 0
726 1989 0
728 227 0
728 611 0
728 1559 0
730 475 0
731 1015 0
732 370 0
732 1112 0
736 222 0
736 403 0
736 716 0
737 1589 0
738 63 0
739 392 0
739 525 0
739 1185 0
739 1701 0
740 93 0
740 135 0
741 272 0
743 328 0
744 1846 0
745 1719 0
750 543 0
750 855 0
753 1570 0
758 1935 0
759 229 0
759 243 0
759 1070 0
759 1297 0
759 1444 0
760 24 0
760 39 0
760 161 0
760 184 0
760 354 0
760 644 0
760 671 0
760 673 0
760 687 0
760 856 0
760 929 0
760 1154 0
760 1350 0
760 1433 0
760 1538 0
760 1682 0
760 1781 0
760 1947 0
762 183 0
762 525 0
762 887 0
762 1850 0
762 1892 0
762 1915 0
763 1616 0
772 1921 0
775 814 0
775 1531 0
776 273 0
776 831 0
776 1509 0
776 1631 0
780 75 0
780 132 0
780 377 0
780 510 0
780 823 0
780 958 0
780 986 0
780 1112 0
780 1200 0
780 1263 0
780 1329 0
780 1421 0
780 1441 0
780 1465 0
780 1570 0
780 1905 0
782 411 0
782 1095 0
782 1786 0
782 1894 0
784 1241 0
785 1473 0
787 1689 0
788 353 0
788 1814 0
789 1002 0
790 248 0
791 971 0
792 1814 0
793 37 0
793 145 0
793 482 0
793 485 0
793 613 0
793 789 0
793 1067 0
793 1264 0
793 1325 0
793 1373 0
793 1526 0
793 1771 0
793 1820 0
794 473 0
794 843 0
794 1419 0
796 302 0
796 1313 0
796 1855 0
796 1943 0
798 65 0
798 775 0
800 112 0
800 135 0
800 394 0
800 800 0
800 830 0
800 1092 0
800 1194 0
800 1526 0
801 1410 0
802 550 0
804 271 0
805 674 0
807 304 0
807 1381 0
807 1835 0
810 1856 0
811 25 0
811 102 0
811 106 0
811 700 0
811 1185 0
813 33 0
813 885 0
813 1063 0
813 1278 0
813 1424 0
813 1708 0
814 834 0
814 1013 0
815 177 0
815 1629 0
815 1963 0
817 1049 0
817 1676 0
818 51 0
818 343 0
819 1103 0
820 856 0
821 351 0
824 1994 0
825 651 0
826 1055 0
826 1525 0
826 1971 0
826 1987 0
828 444 0
829 484 0
830 54 0
831 484 0
836 213 0
836 217 0
836 935 0
836 1975 0
837 95 0
837 201 0
837 414 0
837 1107 0
837 1234 0
837 1601 0
838 1272 0
841 864 0
843 890 0
843 1221 0
843 1458 0
843 1703 0
843 1754 0
846 392 0
846 437 0
846 1139 0
847 484 0
849 94 0
852 1378 0
854 629 0
854 1437 0
854 1545 0
855 748 0
855 983 0
856 1648 0
857 13 0
857 319 0
857 362 0
857 576 0
857 1319 0
858 803 0
858 1062 0
859 842 0
859 858 0
859 1913 0
860 803 0
860 1665 0
861 373 0
861 1137 0
861 1743 0
861 1809 0
862 484 0
863 4 0
863 186 0
863 362 0
863 685 0
863 953 0
863 1498 0
863 1588 0
863 1947 0
865 579 0
866 386 0
866 1091 0
866 1230 0
866 1484 0
867 330 0
869 701 0
869 1849 0
870 917 0
873 1450 0
874 739 0
874 967 0
874 1671 0
876 334 0
876 1929 0
878 1812 0
884 271 0
884 764 0
884 830 0
884 836 0
884 1474 0
884 1535 0
884 1960 0
885 1157 0
886 318 0
887 229 0
887 505 0
887 732 0
887 954 0
887 1316 0
887 1348 0
887 1680 0
889 1212 0
890 513 0
890 1936 0
891 846 0
891 1314 0
891 1513 0
891 1712 0
891 1900 0
892 1277 0
895 790 0
897 785 0
898 262 0
898 431 0
898 529 0
898 796 0
898 845 0
898 1380 0
898 1544 0
898 1557 0
898 1958 0
900 985 0
903 75 0
903 830 0
904 436 0
905 780 0
906 448 0
906 1113 0
906 1802 0
908 805 0
909 386 0
909 857 0
909 1083 0
909 1486 0
909 1770 0
910 1636 0
913 1120 0
914 1467 0
917 330 0
917 872 0
917 1245 0
917 1659 0
919 347 0
919 862 0
919 1035 0
921 1299 0
925 1278 0
926 581 0
929 197 0
930 482 0
931 1175 0
931 1300 0
931 1325 0
932 116 0
932 326 0
932 494 0
932 839 0
932 1167 0
932 1665 0
932 1917 0
933 1448 0
934 254 0
935 189 0
937 832 0
937 1366 0
938 1124 0
939 1334 0
941 1102 0
945 445 0
946 258 0
947 589 0
947 1505 0
949 1727 0
950 602 0
950 764 0
953 712 0
955 1689 0
955 1860 0
959 436 0
960 101 0
961 180 0
961 852 0
961 1065 0
961 1135 0
961 1467 0
961 1883 0
963 1030 0
964 279 0
965 1917 0
966 837 0
966 1112 0
968 1433 0
969 1564 0
970 1804 0
977 590 0
977 1909 0
979 1725 0
984 1325 0
985 1072 0
986 720 0
988 501 0
988 615 0
988 1260 0
993 1452 0
994 259 0
994 381 0
994 1934 0
997 1078 0
997 1415 0
1001 1125 0
1001 1891 0
1002 703 0
1002 1682 0
1004 1599 0
1004 1789 0
1005 1134 0
1006 529 0
1009 601 0
1009 1220 0
1009 1463 0
1009 1672 0
1010 829 0
1012 312 0
1012 394 0
1013 813 0
1014 793 0
1020 734 0
1026 1205 0
1028 1488 0
1028 1716 0
1029 1402 0
1030 1815 0
1035 855 0
1035 1262 0
1037 1046 0
1038 573 0
1039 232 0
1039 602 0
1042 806 0
1043 362 0
1043 1240 0
1047 484 0
1047 946 0
1048 1894 0
1049 501 0
1049 771 0
1049 1260 0
1049 1300 0
1050 693 0
1051 666 0
1052 522 0
1052 579 0
1052 596 0
1052 1431 0
1052 1760 0
1053 364 0
1053 850 0
1053 1730 0
1056 795 0
1056 1070 0
1056 1332 0
1060 282 0
1063 95 0
1063 576 0
1063 1412 0
1063 1614 0
1064 1204 0
1064 1996 0
1065 875 0
1065 1804 0
1066 536 0
1068 1570 0
1069 246 0
1069 704 0
1069 1300 0
1070 923 0
1074 451 0
1075 1821 0
1076 11 0
1076 263 0
1076 449 0
1076 468 0
1076 515 0
1076 642 0
1076 760 0
1076 951 0
1076 1013 0
1076 1393 0
1078 20 0
1078 805 0
1083 55 0
1083 323 0
1083 566 0
1083 615 0
1083 903 0
1083 1456 0
1083 1880 0
1085 484 0
1086 1183 0
1087 227 0
1087 302 0
1087 387 0
1087 756 0
1087 796 0
1087 800 0
1087 1166 0
1087 1339 0
1087 1561 0
1087 1643 0
1087 1668 0
1087 1814 0
1089 548 0
1090 1556 0
1093 326 0
1093 413 0
1093 727 0
1093 1969 0
1094 216 0
1094 802 0
1094 871 0
1094 1213 0
1094 1634 0
1094 1701 0
1095 654 0
1095 684 0
1095 721 0
1095 1963 0
1096 19 0
1096 1156 0
1096 1500 0
1096 1580 0
1098 1354 0
1100 1383 0
1101 581 0
1102 1608 0
1103 1116 0
1108 1657 0
1109 59 0
1109 394 0
1109 645 0
1109 648 0
1109 659 0
1109 824 0
1109 1128 0
1109 1165 0
1109 1245 0
1109 1397 0
1109 1503 0
1109 1504 0
1109 1557 0
1109 1696 0
1109 1753 0
1109 1767 0
1112 1000 0
1113 383 0
1113 1159 0
1114 1349 0
1117 1001 0
1117 1181 0
1117 1228 0
1117 1694 0
1119 695 0
1119 905 0
1119 1061 0
1119 1208 0
1119 1542 0
1120 410 0
1121 790 0
1125 1742 0
1127 607 0
1127 1376 0
1127 1815 0
1128 1275 0
1128 1926 0
1130 1970 0
1131 980 0
1132 145 0
1132 217 0
1132 329 0
1132 1622 0
1133 678 0
1135 298 0
1137 841 0
1137 1005 0
1137 1123 0
1137 1453 0
1137 1538 0
1137 1777 0
1138 51 0
1138 284 0
1138 751 0
1138 1667 0
1141 557 0
1142 180 0
1143 1570 0
1144 283 0
1144 1201 0
1144 1388 0
1144 1877 0
1145 1364 0
1147 302 0
1149 1917 0
1150 661 0
1150 704 0
1150 817 0
1150 1212 0
1150 1568 0
1150 1640 0
1150 1643 0
1150 1836 0
1150 1909 0
1152 919 0
1155 351 0
1157 1254 0
1160 398 0
1160 1196 0
1163 1072 0
1163 1493 0
1164 1652 0
1165 232 0
1166 688 0
1166 1047 0
1166 1360 0
1166 1422 0
1166 1454 0
1171 172 0
1172 427 0
1172 1018 0
1172 1163 0
1172 1167 0
1172 1412 0
1174 1806 0
1176 18 0
1177 12 0
1177 146 0
1177 208 0
1177 929 0
1178 1065 0
1180 1737 0
1181 858 0
1181 1465 0
1182 165 0
1182 209 0
1182 357 0
1185 306 0
1185 1474 0
1185 1718 0
1186 1607 0
1187 577 0
1187 656 0
1187 1791 0
1189 1904 0
1190 1827 0
1190 1900 0
1191 294 0
1192 335 0
1193 1431 0
1194 96 0
1198 438 0
1198 1054 0
1198 1273 0
1200 247 0
1200 517 0
1200 790 0
1200 905 0
1201 1202 0
1201 1375 0
1202 877 0
1205 978 0
1208 134 0
1208 653 0
1208 790 0
1208 912 0
1208 1183 0
1208 1488 0
1208 1946 0
1209 402 0
1210 1750 0
1212 323 0
1212 600 0
1212 1269 0
1212 1880 0
1213 1559 0
1215 4 0
1215 24 0
1215 50 0
1215 167 0
1215 196 0
1215 205 0
1215 276 0
1215 278 0
1215 282 0
1215 365 0
1215 407 0
1215 524 0
1215 580 0
1215 667 0
1215 677 0
1215 680 0
1215 727 0
1215 730 0
1215 740 0
1215 745 0
1215 761 0
1215 790 0
1215 812 0
1215 854 0
1215 873 0
1215 892 0
1215 907 0
1215 924 0
1215 927 0
1215 929 0
1215 1019 0
1215 1097 0
1215 1150 0
1215 1151 0
1215 1291 0
1215 1367 0
1215 1394 0
1215 1524 0
1215 1530 0
1215 1612 0
1215 1618 0
1215 1655 0
1216 1137 0
1217 484 0
1218 1274 0
1219 626 0
1220 290 0
1220 370 0
1220 532 0
1220 753 0
1220 787 0
1220 1111 0
1220 1207 0
1220 1930 0
1221 898 0
1225 59 0
1225 350 0
1225 760 0
1225 1279 0
1228 1050 0
1229 808 0
1229 1237 0
1229 1560 0
1229 1622 0
1229 1646 0
1231 943 0
1231 1490 0
1233 1234 0
1233 1916 0
1234 415 0
1235 1738 0
1236 386 0
1236 832 0
1236 1479 0
1236 1777 0
1237 80 0
1237 524 0
1237 1738 0
1241 1363 0
1242 928 0
1243 942 0
1244 735 0
1245 257 0
1245 924 0
1245 1693 0
1246 1455 0
1246 1470 0
1248 1062 0
1249 1741 0
1250 244 0
1252 208 0
1252 794 0
1252 1657 0
1252 1967 0
1256 484 0
1260 524 0
1263 175 0
1265 604 0
1266 188 0
1266 1075 0
1268 563 0
1270 1596 0
1271 1917 0
1273 1140 0
1274 676 0
1277 321 0
1278 445 0
1279 1920 0
1280 1065 0
1284 712 0
1285 382 0
1287 1438 0
1289 1588 0
1291 200 0
1291 1369 0
1292 1469 0
1293 11 0
1293 616 0
1294 1909 0
1298 445 0
1298 1286 0
1298 1966 0
1300 1362 0
1301 243 0
1301 382 0
1301 492 0
1301 843 0
1301 1306 0
1301 1804 0
1301 1837 0
1304 1746 0
1306 334 0
1306 987 0
1306 1499 0
1308 199 0
1309 1604 0
1311 851 0
1311 896 0
1311 1712 0
1313 812 0
1314 533 0
1315 207 0
1317 989 0
1319 878 0
1320 714 0
1321 235 0
1321 838 0
1322 1754 0
1323 1654 0
1323 1941 0
1324 682 0
1325 157 0
1327 14 0
1327 33 0
1327 615 0
1327 1121 0
1327 1131 0
1328 288 0
1328 1117 0
1329 468 0
1332 26 0
1333 737 0
1335 159 0
1335 282 0
1335 1537 0
1337 1453 0
1341 126 0
1342 532 0
1342 559 0
1342 1882 0
1344 1503 0
1346 1891 0
1350 1790 0
1350 1863 0
1351 84 0
1351 311 0
1351 1713 0
1352 1336 0
1352 1672 0
1352 1828 0
1353 1101 0
1355 1444 0
1358 1378 0
1361 1297 0
1364 313 0
1364 501 0
1364 639 0
1364 1350 0
1364 1816 0
1364 1968 0
1365 149 0
1365 316 0
1365 1759 0
1365 1915 0
1366 1918 0
1367 1233 0
1367 1633 0
1367 1903 0
1368 256 0
1368 667 0
1368 935 0
1368 1041 0
1368 1114 0
1370 721 0
1372 1583 0
1375 271 0
1375 688 0
1375 844 0
1375 888 0
1375 1084 0
1375 1153 0
1377 522 0
1377 1101 0
1378 667 0
1379 134 0
1379 808 0
1379 938 0
1379 1033 0
1379 1633 0
1379 1794 0
1379 1918 0
1380 411 0
1380 1854 0
1383 95 0
1383 856 0
1383 1173 0
1383 1250 0
1383 1366 0
1383 1478 0
1383 1760 0
1384 248 0
1384 540 0
1384 1595 0
1384 1974 0
1386 1513 0
1388 1420 0
1391 133 0
1391 1039 0
1391 1679 0
1391 1685 0
1393 1516 0
1394 141 0
1395 937 0
1395 1909 0
1397 49 0
1400 286 0
1402 1306 0
1403 769 0
1403 942 0
1403 1088 0
1404 732 0
1405 1869 0
1406 405 0
1408 1238 0
1409 220 0
1409 223 0
1409 381 0
1409 393 0
1409 680 0
1409 862 0
1409 1157 0
1409 1252 0
1409 1554 0
1409 1882 0
1409 1938 0
1409 1980 0
1410 1928 0
1413 117 0
1413 393 0
1413 468 0
1413 794 0
1413 796 0
1415 801 0
1416 166 0
1418 757 0
1419 1522 0
1423 399 0
1423 1428 0
1425 967 0
1425 1814 0
1426 1163 0
1430 507 0
1430 1728 0
1430 1788 0
1430 1867 0
1431 102 0
1432 1245 0
1432 1827 0
1433 142 0
1434 366 0
1434 485 0
1434 564 0
1434 997 0
1434 1114 0
1434 1518 0
1434 1595 0
1434 1671 0
1439 167 0
1439 1301 0
1442 1204 0
1442 1228 0
1443 667 0
1444 1004 0
1444 1946 0
1446 418 0
1446 583 0
1446 1155 0
1446 1680 0
1446 1963 0
1449 684 0
1449 987 0
1451 356 0
1451 923 0
1452 1223 0
1453 484 0
1454 325 0
1459 928 0
1460 1229 0
1462 383 0
1462 1011 0
1463 1183 0
1467 502 0
1469 124 0
1470 119 0
1470 1186 0
1473 1495 0
1474 1071 0
1476 1422 0
1477 586 0
1481 1649 0
1484 485 0
1486 1508 0
1486 1577 0
1487 866 0
1487 913 0
1487 1172 0
1487 1509 0
1487 1540 0
1487 1620 0
1487 1731 0
1487 1776 0
1490 1065 0
1491 104 0
1491 105 0
1491 224 0
1491 413 0
1491 455 0
1491 1129 0
1491 1356 0
1491 1508 0
1491 1688 0
1491 1693 0
1491 1771 0
1491 1886 0
1491 1901 0
1491 1916 0
1492 15 0
1492 339 0
1492 1657 0
1495 1382 0
1498 510 0
1498 1232 0
1498 1329 0
1498 1488 0
1498 1514 0
1499 187 0
1499 832 0
1499 852 0
1501 571 0
1502 818 0
1503 262 0
1503 845 0
1503 1461 0
1503 1544 0
1508 1798 0
1509 41 0
1510 831 0
1511 812 0
1512 23 0
1513 557 0
1513 824 0
1513 841 0
1513 1381 0
1514 1846 0
1519 1727 0
1520 1787 0
1521 707 0
1524 1982 0
1526 653 0
1526 1906 0
1527 1056 0
1528 731 0
1528 841 0
1528 967 0
1528 1033 0
1528 1037 0
1528 1286 0
1528 1480 0
1530 1408 0
1534 1334 0
1535 1097 0
1536 247 0
1536 718 0
1536 1636 0
1536 1646 0
1537 484 0
1541 198 0
1542 592 0
1542 678 0
1543 339 0
1543 790 0
1543 808 0
1543 889 0
1543 961 0
1543 1333 0
1543 1948 0
1544 300 0
1545 229 0
1546 484 0
1547 812 0
1548 57 0
1548 105 0
1548 1332 0
1548 1450 0
1548 1996 0
1549 1069 0
1550 365 0
1551 152 0
1552 501 0
1552 508 0
1552 1183 0
1552 1334 0
1552 1860 0
1553 511 0
1554 413 0
1554 1909 0
1555 12 0
1555 1967 0
1558 164 0
1558 763 0
1558 818 0
1558 1019 0
1558 1643 0
1558 1963 0
1559 148 0
1562 560 0
1562 1838 0
1563 34 0
1563 1545 0
1563 1557 0
1563 1589 0
1563 1676 0
1564 622 0
1565 410 0
1566 860 0
1566 1026 0
1566 1368 0
1566 1377 0
1567 1306 0
1568 1935 0
1570 1386 0
1571 943 0
1571 1386 0
1572 609 0
1572 858 0
1572 940 0
1572 1107 0
1572 1175 0
1573 853 0
1574 35 0
1574 894 0
1575 180 0
1577 1154 0
1579 1583 0
1583 468 0
1583 1471 0
1583 1759 0
1584 1207 0
1586 512 0
1586 965 0
1587 364 0
1587 1922 0
1588 113 0
1588 685 0
1588 1688 0
1589 1134 0
1594 981 0
1594 1032 0
1594 1987 0
1597 77 0
1597 301 0
1597 537 0
1597 855 0
1597 1055 0
1597 1264 0
1597 1525 0
1597 1757 0
1597 1841 0
1598 178 0
1598 434 0
1598 1129 0
1599 1246 0
1600 817 0
1600 1202 0
1600 1462 0
1601 1311 0
1604 1144 0
1605 153 0
1605 191 0
1605 479 0
1605 523 0
1605 941 0
1605 1153 0
1607 103 0
1609 1041 0
1611 569 0
1615 1512 0
1617 863 0
1626 1420 0
1629 76 0
1629 761 0
1629 830 0
1629 924 0
1629 1497 0
1629 1669 0
1629 1912 0
1630 565 0
1631 39 0
1631 40 0
1631 208 0
1631 219 0
1631 284 0
1631 468 0
1631 687 0
1631 714 0
1631 855 0
1631 1237 0
1631 1393 0
1631 1558 0
1631 1570 0
1631 1574 0
1632 1905 0
1635 83 0
1636 336 0
1636 941 0
1638 27 0
1638 789 0
1638 1345 0
1638 1657 0
1638 1766 0
1639 508 0
1639 809 0
1640 108 0
1641 1494 0
1642 156 0
1642 246 0
1642 712 0
1642 1723 0
1645 1238 0
1646 403 0
1649 1615 0
1650 1071 0
1651 1815 0
1651 1823 0
1653 358 0
1653 543 0
1653 596 0
1653 1293 0
1653 1677 0
1653 1895 0
1654 1159 0
1655 887 0
1656 13 0
1656 644 0
1656 1042 0
1656 1179 0
1660 484 0
1661 467 0
1661 862 0
1662 888 0
1662 1898 0
1664 1480 0
1666 151 0
1666 617 0
1666 975 0
1666 1667 0
1668 448 0
1668 789 0
1668 1699 0
1669 1543 0
1671 383 0
1673 817 0
1673 1179 0
1673 1588 0
1674 324 0
1674 682 0
1676 1605 0
1677 9 0
1678 1237 0
1679 573 0
1680 1841 0
1682 116 0
1683 153 0
1683 1493 0
1687 682 0
1687 980 0
1687 1053 0
1687 1218 0
1687 1326 0
1687 1449 0
1688 37 0
1690 651 0
1693 593 0
1693 1656 0
1694 1591 0
1698 1618 0
1700 1386 0
1700 1797 0
1700 1893 0
1702 70 0
1702 851 0
1702 1064 0
1702 1424 0
1704 1917 0
1705 487 0
1705 1397 0
1706 1181 0
1708 468 0
1711 473 0
1712 439 0
1712 490 0
1715 1521 0
1717 836 0
1719 615 0
1719 785 0
1719 1334 0
1720 412 0
1720 593 0
1720 1444 0
1721 1966 0
1723 1224 0
1723 1413 0
1723 1719 0
1723 1936 0
1727 1794 0
1729 1203 0
1730 1338 0
1731 1111 0
1733 1150 0
1733 1948 0
1734 949 0
1734 1698 0
1737 145 0
1739 45 0
1739 1414 0
1739 1944 0
1740 530 0
1740 1543 0
1740 1923 0
1741 206 0
1741 529 0
1741 654 0
1741 728 0
1741 805 0
1741 841 0
1741 862 0
1741 1219 0
1741 1295 0
1741 1580 0
1741 1900 0
1742 1046 0
1743 507 0
1743 1558 0
1744 223 0
1744 802 0
1744 865 0
1744 1544 0
1744 1750 0
1744 1958 0
1745 127 0
1745 1405 0
1746 448 0
1746 861 0
1746 973 0
1746 1804 0
1748 176 0
1749 272 0
1749 577 0
1749 1300 0
1749 1582 0
1750 19 0
1751 780 0
1752 1102 0
1752 1462 0
1756 581 0
1756 606 0
1756 656 0
1756 1520 0
1756 1547 0
1756 1967 0
1759 1528 0
1761 1167 0
1762 1902 0
1763 533 0
1764 652 0
1764 1535 0
1764 1880 0
1764 1975 0
1765 1110 0
1766 229 0
1766 481 0
1766 995 0
1766 1903 0
1767 1717 0
1767 1791 0
1767 1814 0
1768 940 0
1770 1351 0
1771 1521 0
1772 973 0
1774 1067 0
1775 153 0
1777 1454 0
1778 467 0
1780 1548 0
1780 1822 0
1784 263 0
1784 522 0
1784 1937 0
1786 156 0
1788 1950 0
1789 1303 0
1791 935 0
1791 1547 0
1792 536 0
1792 572 0
1792 602 0
1792 684 0
1792 799 0
1792 906 0
1792 1007 0
1792 1314 0
1792 1613 0
1793 1367 0
1797 1198 0
1798 630 0
1802 362 0
1802 520 0
1803 570 0
1803 1014 0
1803 1106 0
1806 174 0
1807 290 0
1808 837 0
1809 200 0
1809 264 0
1809 519 0
1810 252 0
1810 1228 0
1810 1496 0
1812 444 0
1812 1045 0
1813 1901 0
1815 478 0
1815 1583 0
1816 1004 0
1818 734 0
1818 1901 0
1819 171 0
1820 274 0
1820 354 0
1820 1996 0
1823 1662 0
1824 788 0
1827 1430 0
1829 258 0
1830 1746 0
1831 1980 0
1832 197 0
1832 960 0
1832 1582 0
1833 690 0
1833 778 0
1833 1353 0
1837 855 0
1838 1973 0
1842 518 0
1842 631 0
1842 1109 0
1844 788 0
1847 1697 0
1849 356 0
1849 436 0
1850 885 0
1852 1523 0
1853 11 0
1854 1459 0
1854 1518 0
1857 70 0
1860 504 0
1864 859 0
1864 1825 0
1865 838 0
1865 1332 0
1868 1065 0
1869 667 0
1869 1132 0
1869 1664 0
1870 1688 0
1872 1835 0
1873 117 0
1873 653 0
1875 54 0
1875 331 0
1875 917 0
1875 1491 0
1875 1893 0
1876 240 0
1876 1585 0
1878 1107 0
1879 1285 0
1880 856 0
1880 1781 0
1881 48 0
1881 148 0
1881 333 0
1881 932 0
1881 976 0
1881 1097 0
1881 1620 0
1881 1877 0
1882 394 0
1882 1299 0
1882 1816 0
1883 388 0
1883 484 0
1883 946 0
1883 1210 0
1883 1280 0
1883 1613 0
1885 1070 0
1885 1503 0
1889 1793 0
1890 304 0
1890 994 0
1894 1196 0
1894 1552 0
1896 832 0
1896 1987 0
1900 655 0
1900 1866 0
1901 96 0
1901 226 0
1901 485 0
1901 1027 0
1901 1688 0
1902 1445 0
1904 946 0
1904 1122 0
1905 51 0
1905 89 0
1905 1072 0
1906 1505 0
1908 972 0
1908 1814 0
1909 91 0
1910 1987 0
1912 34 0
1912 304 0
1912 406 0
1912 1090 0
1912 1397 0
1912 1524 0
1914 494 0
1914 925 0
1916 819 0
1917 413 0
1917 1230 0
1917 1391 0
1917 1688 0
1917 1960 0
1919 134 0
1920 65 0
1920 438 0
1920 952 0
1923 288 0
1923 803 0
1925 674 0
1926 1757 0
1927 1463 0
1928 484 0
1929 967 0
1929 1139 0
1930 620 0
1932 567 0
1932 1575 0
1933 1551 0
1934 1441 0
1934 1667 0
1935 10 0
1935 944 0
1935 1022 0
1935 1213 0
1935 1945 0
1936 1918 0
1937 109 0
1937 787 0
1937 1388 0
1937 1854 0
1937 1934 0
1941 834 0
1941 1033 0
1941 1061 0
1943 36 0
1945 345 0
1946 898 0
1948 223 0
1949 1183 0
1954 653 0
1954 1649 0
1955 766 0
1955 1511 0
1958 557 0
1958 875 0
1958 893 0
1958 1503 0
1958 1789 0
1959 237 0
1959 244 0
1959 386 0
1959 1729 0
1961 1452 0
1962 581 0
1965 1913 0
1966 245 0
1966 407 0
1966 468 0
1966 799 0
1966 1561 0
1966 1621 0
1966 1685 0
1966 1815 0
1967 557 0
1967 573 0
1967 635 0
1967 969 0
1967 1095 0
1967 1290 0
1967 1659 0
1967 1706 0
1967 1766 0
1969 206 0
1969 1084 0
1969 1189 0
1969 1547 0
1970 1669 0
1971 843 0
1973 1043 0
1973 1442 0
1974 595 0
1979 1691 0
1981 1622 0
1983 144 0
1983 1150 0
1983 1198 0
1984 1368 0
1985 534 0
1985 1183 0
1985 1442 0
1986 261 0
1987 262 0
1987 1723 0
1989 67 0
1989 342 0
1991 500 0
1993 605 0
1994 498 0
1994 1181 0
1996 104 0
1996 388 0
1996 392 0
1996 604 0
1996 625 0
1996 1280 0
1996 1299 0
1996 1760 0
1996 1814 0
1996 1855 0
1997 127 0
1997 167 0
1997 529 0
1997 530 0
1997 992 0
1997 1530 0
1998 375 0
1998 1805 0
2000 876 0
2000 1330 0
2006 1175 0
2006 1320 0
2007 986 0
2008 1969 0
2010 892 0
2010 1046 0
2012 917 0
2013 1805 0
2014 240 0
2014 541 0
2014 586 0
2015 639 0
2015 658 0
2015 768 0
2015 846 0
2016 428 0
2020 11 0
2020 895 0
2021 834 0
2023 408 0
2023 1072 0
2023 1400 0
2023 1823 0
2023 1968 0
2025 1287 0
2027 203 0
2027 343 0
2032 1466 0
2033 378 0
2033 699 0
2036 1838 0
2037 445 0
2037 732 0
2037 769 0
2037 1496 0
2038 636 0
2038 1144 0
2039 454 0
2041 947 0
2043 17 0
2043 226 0
2043 890 0
2044 1573 0
2044 1822 0
2047 887 0
2048 656 0
2048 1294 0
2048 1765 0
2049 1995 0
2054 1253 0
2055 789 0
2056 862 0
2056 906 0
2057 439 0
2058 250 0
2058 1162 0
2059 92 0
2059 96 0
2059 635 0
2059 796 0
2059 943 0
2059 1061 0
2060 767 0
2060 1234 0
2062 375 0
2062 1884 0
2065 696 0
2067 389 0
2068 556 0
2069 475 0
2072 188 0
2072 1383 0
2073 358 0
2073 1600 0
2075 64 0
2075 381 0
2075 767 0
2075 1667 0
2076 13 0
2076 1901 0
2077 285 0
2078 700 0
2079 302 0
2081 1142 0
2083 1667 0
2084 240 0
2084 732 0
2084 945 0
2084 1037 0
2084 1046 0
2084 1246 0
2084 1963 0
2086 126 0
2086 394 0
2086 837 0
2086 993 0
2086 1183 0
2086 1301 0
2086 1626 0
2086 1733 0
2087 484 0
2089 205 0
2090 1404 0
2092 187 0
2092 212 0
2092 567 0
2092 611 0
2092 661 0
2092 817 0
2092 1321 0
2092 1373 0
2092 1399 0
2097 688 0
2098 930 0
2098 1694 0
2099 500 0
2100 1461 0
2101 866 0
2104 1792 0
2105 224 0
2105 848 0
2105 1136 0
2106 46 0
2106 1021 0
2107 762 0
2107 943 0
2107 1181 0
2107 1677 0
2107 1753 0
2109 153 0
2111 1889 0
2113 44 0
2113 1440 0
2113 1793 0
2113 1894 0
2113 1937 0
2115 557 0
2115 563 0
2115 843 0
2115 1411 0
2116 684 0
2117 156 0
2118 63 0
2120 366 0
2120 552 0
2120 727 0
2120 1114 0
2120 1569 0
2122 54 0
2123 152 0
2127 287 0
2128 1760 0
2128 1920 0
2129 451 0
2129 1093 0
2130 1570 0
2131 107 0
2134 1095 0
2138 1218 0
2140 1901 0
2141 87 0
2141 1851 0
2144 1129 0
2145 899 0
2145 1507 0
2147 515 0
2148 481 0
2149 16 0
2149 969 0
2150 1778 0
2152 11 0
2152 579 0
2152 602 0
2152 696 0
2152 718 0
2152 1139 0
2152 1318 0
2152 1695 0
2156 320 0
2156 987 0
2156 1122 0
2156 1139 0
2156 1342 0
2156 1579 0
2157 337 0
2158 177 0
2158 762 0
2162 624 0
2162 727 0
2162 1693 0
2164 243 0
2164 1070 0
2164 1760 0
2165 167 0
2170 1201 0
2171 301 0
2171 1747 0
2173 1522 0
2173 1992 0
2174 227 0
2174 1027 0
2174 1142 0
2174 1397 0
2174 1531 0
2174 1578 0
2177 948 0
2177 1354 0
2178 33 0
2179 198 0
2179 1326 0
2182 811 0
2182 958 0
2182 1263 0
2182 1888 0
2183 703 0
2184 1705 0
2185 1679 0
2186 1284 0
2186 1463 0
2186 1869 0
2187 343 0
2187 565 0
2188 683 0
2191 1108 0
2191 1278 0
2192 771 0
2192 994 0
2192 1380 0
2192 1389 0
2193 352 0
2194 430 0
2194 1991 0
2196 891 0
2197 12 0
2197 71 0
2197 917 0
2200 52 0
2200 301 0
2200 1065 0
2201 888 0
2202 134 0
2202 501 0
2202 969 0
2202 1687 0
2203 1719 0
2204 899 0
2204 1493 0
2204 1781 0
2208 1319 0
2209 738 0
2209 967 0
2210 994 0
2214 1588 0
2215 92 0
2215 156 0
2215 196 0
2215 529 0
2215 652 0
2215 740 0
2215 745 0
2215 830 0
2215 1004 0
2215 1097 0
2215 1394 0
2215 1524 0
2216 72 0
2216 487 0
2216 737 0
2216 865 0
2218 768 0
2219 149 0
2219 1343 0
2221 1601 0
2221 1858 0
2225 323 0
2226 174 0
2226 240 0
2226 877 0
2226 1624 0
2230 130 0
2230 805 0
2230 1089 0
2230 1701 0
2233 1996 0
2234 1473 0
2235 1546 0
2236 1108 0
2237 199 0
2237 1238 0
2237 1306 0
2239 174 0
2240 1560 0
2241 1214 0
2242 131 0
2242 1832 0
2243 1487 0
2247 900 0
2248 235 0
2248 312 0
2248 348 0
2250 182 0
2250 1585 0
2250 1799 0
2250 1986 0
2251 108 0
2252 514 0
2255 342 0
2255 652 0
2257 697 0
2258 403 0
2258 1672 0
2259 477 0
2259 554 0
2259 566 0
2260 1140 0
2262 109 0
2262 172 0
2262 512 0
2262 683 0
2262 999 0
2262 1488 0
2263 500 0
2263 671 0
2263 1952 0
2266 226 0
2266 685 0
2266 1286 0
2268 738 0
2268 956 0
2268 1084 0
2268 1641 0
2269 580 0
2269 653 0
2269 1764 0
2271 380 0
2271 1986 0
2272 1347 0
2275 340 0
2276 15 0
2276 1410 0
2276 1565 0
2277 731 0
2277 1527 0
2278 1306 0
2278 1776 0
2279 762 0
2280 137 0
2280 824 0
2280 1947 0
2280 1995 0
2282 1815 0
2283 1556 0
2284 45 0
2284 99 0
2284 517 0
2285 172 0
2286 96 0
2286 994 0
2286 1535 0
2287 394 0
2287 403 0
2287 1181 0
2287 1245 0
2287 1478 0
2287 1504 0
2288 11 0
2288 261 0
2288 1163 0
2289 1428 0
2291 246 0
2292 539 0
2292 695 0
2293 375 0
2294 1792 0
2296 847 0
2296 1498 0
2300 80 0
2300 1098 0
2304 516 0
2306 1281 0
2306 1303 0
2306 1999 0
2308 93 0
2310 1116 0
2311 1754 0
2313 883 0
2313 991 0
2314 68 0
2315 1055 0
2315 1313 0
2317 683 0
2318 759 0
2318 1526 0
2318 1901 0
2319 704 0
2320 201 0
2320 1155 0
2320 1334 0
2320 1963 0
2321 1423 0
2325 267 0
2328 1651 0
2330 118 0
2332 1146 0
2338 1904 0
2339 104 0
2340 1084 0
2341 238 0
2341 1528 0
2341 1583 0
2342 59 0
2343 1689 0
2348 324 0
2349 944 0
2351 899 0
2351 1172 0
2351 1258 0
2351 1493 0
2351 1731 0
2352 1905 0
2353 152 0
2353 1111 0
2353 1311 0
2356 1793 0
2357 1163 0
2359 338 0
2359 788 0
2362 1835 0
2364 109 0
2365 392 0
2365 1715 0
2366 484 0
2369 856 0
2369 1213 0
2369 1493 0
2369 1672 0
2369 1731 0
2370 229 0
2370 511 0
2370 690 0
2371 1286 0
2372 440 0
2372 1623 0
2376 1586 0
2377 732 0
2377 1569 0
2379 400 0
2380 112 0
2381 1643 0
2383 154 0
2386 283 0
2387 751 0
2387 1076 0
2387 1261 0
2387 1416 0
2388 67 0
2389 1376 0
2389 1424 0
2391 969 0
2393 536 0
2397 1711 0
2398 14 0
2398 104 0
2398 455 0
2398 604 0
2398 1440 0
2398 1693 0
2400 740 0
2400 1898 0
2402 1891 0
2404 1357 0
2408 858 0
2408 1465 0
2409 294 0
2409 606 0
2412 823 0
2413 855 0
2416 1445 0
2418 898 0
2423 502 0
2425 1340 0
2426 120 0
2426 336 0
2426 349 0
2426 411 0
2426 414 0
2426 888 0
2426 1137 0
2426 1191 0
2426 1262 0
2426 1355 0
2426 1499 0
2426 1730 0
2426 1741 0
2426 1814 0
2426 1922 0
2427 45 0
2427 60 0
2427 131 0
2427 274 0
2427 282 0
2427 502 0
2427 644 0
2427 687 0
2427 738 0
2427 929 0
2427 994 0
2427 1719 0
2427 1770 0
2427 1949 0
2428 510 0
2429 67 0
2430 1665 0
2431 1193 0
2432 649 0
2432 1400 0
2434 242 0
2434 1286 0
2436 1104 0
2437 580 0
2438 596 0
2440 672 0
2444 1570 0
2446 454 0
2449 161 0
2449 229 0
2449 899 0
2449 1731 0
2449 1784 0
2450 1207 0
2450 1643 0
2450 1824 0
2454 448 0
2454 1830 0
2455 528 0
2456 713 0
2458 606 0
2459 784 0
2460 731 0
2464 1150 0
2464 1794 0
2465 1059 0
2466 188 0
2468 1774 0
2469 1316 0
2470 190 0
2470 330 0
2470 383 0
2470 1689 0
2470 1748 0
2470 1948 0
2471 1608 0
2472 166 0
2472 479 0
2472 928 0
2472 1632 0
2472 1947 0
2473 813 0
2473 1005 0
2473 1027 0
2473 1548 0
2473 1788 0
2474 479 0
2475 394 0
2475 1107 0
2478 265 0
2478 348 0
2478 1245 0
2478 1694 0
2479 973 0
2484 312 0
2484 635 0
2484 715 0
2484 768 0
2484 956 0
2486 1940 0
2487 1444 0
2488 1986 0
2490 134 0
2490 380 0
2490 652 0
2490 790 0
2493 227 0
2493 517 0
2493 769 0
2493 943 0
2495 1907 0
2496 203 0
2496 316 0
2496 687 0
2496 967 0
2497 196 0
2498 32 0
2498 407 0
2498 687 0
2498 899 0
2498 1137 0
2498 1237 0
2498 1444 0
2498 1685 0
2500 607 0
2501 81 0
2502 530 0
2502 705 0
2502 1139 0
2502 1200 0
2502 1277 0
2502 1399 0
2502 1444 0
2502 1570 0
2502 1667 0
2502 1681 0
2502 1701 0
2502 1861 0
2502 1934 0
2504 1874 0
2505 445 0
2507 959 0
2507 1101 0
2507 1842 0
2509 482 0
2509 997 0
2509 1611 0
2510 80 0
2510 769 0
2510 1760 0
2511 1987 0
2512 458 0
2514 75 0
2514 524 0
2514 1446 0
2515 574 0
2516 81 0
2516 231 0
2516 693 0
2516 753 0
2519 84 0
2519 1308 0
2520 262 0
2520 381 0
2520 1237 0
2520 1670 0
2520 1772 0
2521 1499 0
2521 1846 0
2522 760 0
2523 828 0
2523 995 0
2524 865 0
2524 1545 0
2525 466 0
2525 1086 0
2525 1166 0
2525 1360 0
2525 1677 0
2526 1689 0
2527 893 0
2527 1228 0
2527 1440 0
2527 1746 0
2527 1936 0
2530 831 0
2530 1927 0
2531 1711 0
2533 808 0
2534 877 0
2534 1327 0
2534 1800 0
2534 1904 0
2536 797 0
2543 243 0
2544 103 0
2546 480 0
2546 1857 0
2546 1938 0
2547 537 0
2549 933 0
2551 967 0
2551 975 0
2552 988 0
2552 1569 0
2552 1891 0
2555 1759 0
2557 492 0
2557 699 0
2560 1391 0
2561 1994 0
2563 20 0
2563 1601 0
2563 1727 0
2564 1905 0
2566 1969 0
2567 940 0
2568 565 0
2568 1300 0
2570 296 0
2570 410 0
2570 552 0
2570 1076 0
2570 1882 0
2570 1988 0
2573 892 0
2573 1509 0
2575 847 0
2578 1522 0
2579 794 0
2579 1091 0
2579 1329 0
2580 524 0
2580 1285 0
2580 1421 0
2580 1661 0
2580 1979 0
2582 168 0
2582 689 0
2582 725 0
2582 732 0
2582 1762 0
2586 221 0
2587 326 0
2587 550 0
2587 593 0
2587 606 0
2587 1306 0
2587 1477 0
2587 1781 0
2589 477 0
2591 1593 0
2592 80 0
2592 455 0
2592 600 0
2592 1185 0
2592 1880 0
2593 1322 0
2593 1828 0
2597 498 0
2597 852 0
2597 876 0
2597 1681 0
2599 1978 0
2602 1158 0
2603 1763 0
2604 875 0
2604 1548 0
2605 29 0
2605 1698 0
2608 475 0
2609 653 0
2610 1790 0
2610 1861 0
2610 1947 0
2611 1923 0
2614 513 0
2614 1252 0
2618 738 0
2618 1634 0
2619 1261 0
2622 484 0
2623 63 0
2623 261 0
2623 383 0
2626 35 0
2626 208 0
2626 468 0
2626 470 0
2626 644 0
2626 714 0
2626 903 0
2626 1433 0
2626 1456 0
2626 1558 0
2635 632 0
2635 695 0
2635 1302 0
2635 1613 0
2637 1119 0
2638 65 0
2638 122 0
2638 316 0
2638 471 0
2638 687 0
2638 978 0
2638 1091 0
2638 1230 0
2638 1488 0
2638 1626 0
2638 1628 0
2638 1713 0
2640 154 0
2640 304 0
2640 426 0
2640 636 0
2640 678 0
2640 748 0
2640 1070 0
2640 1208 0
2640 1282 0
2640 1293 0
2640 1307 0
2640 1459 0
2640 1579 0
2640 1632 0
2640 1846 0
2640 1880 0
2642 1601 0
2644 311 0
2644 457 0
2644 474 0
2644 1889 0
2644 1988 0
2646 413 0
2646 424 0
2646 604 0
2646 900 0
2646 1492 0
2646 1579 0
2648 12 0
2648 1117 0
2649 1746 0
2652 1808 0
2656 1365 0
2657 1227 0
2658 1725 0
2659 1891 0
2661 208 0
2662 1841 0
2663 18 0
2663 282 0
2663 1537 0
2663 1865 0
2664 381 0
2664 999 0
2665 1806 0
2666 1208 0
2667 1688 0
2669 557 0
2670 1736 0
2671 1740 0
2672 1608 0
2674 13 0
2674 1070 0
2675 1891 0
2676 167 0
2676 312 0
2676 493 0
2676 969 0
2676 1120 0
2676 1260 0
2677 12 0
2678 1654 0
2679 496 0
2682 1011 0
2682 1851 0
2683 689 0
2687 1285 0
2687 1295 0
2687 1774 0
2687 1815 0
2687 1917 0
2691 96 0
2693 787 0
2694 1633 0
2695 173 0
2695 354 0
2695 1216 0
2695 1247 0
2695 1314 0
2696 1657 0
2702 72 0
2703 96 0
2703 120 0
2703 1876 0
2705 641 0
2705 680 0
2709 494 0
2709 510 0
2709 915 0
2712 802 0
2714 203 0
2714 525 0
2714 1995 0
2715 1445 0
2717 580 0
2717 1032 0
2717 1202 0
2720 1803 0
2721 24 0
2721 673 0
2721 964 0
2721 1258 0
2721 1753 0
2724 1134 0
2725 703 0
